0 0.24000000000000005 0.7573002039367398 0.259119452827659 0.035638034947321894 0.0 0.0 0.0 0.0
1 0.24000000000000005 0.7573002039367398 1.3508811347429717 0.03365530935495866 0.5959717850492762 1.9656003873060657e-06 0.7719920887219481 0.001401998711592156
2 0.4800000000000001 0.5173002039367397 0.9120057285805473 0.08340678293841906 0.6541300195451614 0.003301589231892547 0.8087830485026014 0.05745945728853125
3 0.4800000000000001 0.5173002039367397 1.3466543581314063 0.10546694990541743 0.9156662347923608 0.0035711565987960638 0.9569045066214082 0.05975915493709783
4 0.4800000000000001 0.5173002039367397 0.5341777277957684 0.09499157722854264 2.8449114673268574 0.0032080722637389788 1.6866865349930489 0.05663984696076587
5 0.4800000000000001 0.5173002039367397 0.6765029349598546 0.1053054753806175 2.4551614919152978 0.00311662894932987 1.5668954948927825 0.0558267762756356
6 0.4800000000000001 0.5173002039367397 0.24637414768387966 0.13726902276806782 3.0559081146654026 0.00792569067331591 1.7481155896179756 0.08902634819712595
7 0.4800000000000001 0.5173002039367397 0.0851960387971597 0.15171295864505135 2.8330371948860607 0.008212821451314196 1.6831628545348964 0.09062461835127471
8 0.4800000000000001 0.5173002039367397 0.2686339972422927 0.1758087167620777 2.757540508154851 0.011429036377944998 1.660584387543991 0.10690667134442546
9 0.4800000000000001 0.5173002039367397 0.40903243199345474 0.17072750688973914 2.641451393232034 0.010495264159661179 1.6252542549496782 0.10244639651867302
