    iter     answer      error     mean x     mean y   variance x   variance y       sd x       sd y
       1   0.000000   0.997300   2.684796   0.398563     0.000000     0.000000   0.000000   0.000000
       2   0.004800   0.992500   1.216243   0.214779     1.078324     0.016888   1.038424   0.129955
       3   0.004800   0.992500   1.348258   0.241185     0.742120     0.012189   0.861464   0.110402
       4   0.009600   0.987700   0.543582   0.193113     2.013474     0.014341   1.418969   0.119755
       5   0.009600   0.987700  -0.051206   0.161984     2.742853     0.014574   1.656156   0.120722
       6   0.009600   0.987700  -0.518736   0.173329     3.196479     0.012681   1.787870   0.112610
       7   0.009600   0.987700  -0.707049   0.194328     2.922213     0.013137   1.709448   0.114618
       8   0.009600   0.987700  -0.969266   0.191817     2.978080     0.011534   1.725711   0.107395
       9   0.009600   0.987700  -0.621746   0.180344     3.505995     0.011188   1.872430   0.105775
      10   0.014400   0.982900  -0.476629   0.170926     3.325972     0.010788   1.823725   0.103864
      11   0.019200   0.978100  -0.425097   0.163438     3.047752     0.010317   1.745781   0.101572
      12   0.019200   0.978100  -0.476874   0.182576     2.820804     0.013151   1.679525   0.114676
      13   0.019200   0.978100  -0.222043   0.191793     3.323139     0.013080   1.822948   0.114368
      14   0.019200   0.978100  -0.008110   0.199995     3.638247     0.012958   1.907419   0.113831
      15   0.019200   0.978100   0.154983   0.203527     3.743265     0.012257   1.934752   0.110711
      16   0.024000   0.973300   0.145635   0.212041     3.510540     0.012510   1.873643   0.111848
      17   0.028800   0.968500   0.159582   0.203384     3.306966     0.012903   1.818507   0.113589
      18   0.028800   0.968500   0.239414   0.205801     3.225571     0.012280   1.795988   0.110813
      19   0.028800   0.968500   0.070301   0.210473     3.543497     0.012005   1.882418   0.109569
      20   0.033600   0.963700   0.092160   0.216249     3.374947     0.012007   1.837103   0.109579
      21   0.033600   0.963700  -0.049040   0.223119     3.593994     0.012335   1.895783   0.111062
      22   0.033600   0.963700  -0.171077   0.219677     3.729168     0.012012   1.931105   0.109597
      23   0.033600   0.963700  -0.037678   0.219785     3.941505     0.011490   1.985322   0.107189
      24   0.033600   0.963700   0.036024   0.224430     3.897005     0.011487   1.974083   0.107175
      25   0.038400   0.958900   0.063789   0.221544     3.758886     0.011219   1.938785   0.105919
      26   0.043200   0.954100  -0.019816   0.214493     3.782338     0.011983   1.944823   0.109465
      27   0.043200   0.954100   0.077119   0.211727     3.877511     0.011730   1.969140   0.108307
      28   0.048000   0.949300   0.085734   0.207978     3.740960     0.011677   1.934156   0.108061
      29   0.052800   0.944500   0.111251   0.203439     3.629565     0.011832   1.905142   0.108774
      30   0.057600   0.939700   0.098071   0.201438     3.513450     0.011550   1.874420   0.107469
      31   0.057600   0.939700   0.142196   0.200079     3.456639     0.011231   1.859204   0.105975
      32   0.062400   0.934900   0.155531   0.202207     3.353959     0.011016   1.831382   0.104955
      33   0.062400   0.934900   0.183662   0.204030     3.276880     0.010785   1.810215   0.103850
      34   0.067200   0.930100   0.143238   0.203775     3.232840     0.010470   1.798010   0.102322
      35   0.067200   0.930100   0.081999   0.207563     3.264337     0.010645   1.806748   0.103173
      36   0.072000   0.925300   0.090602   0.204805     3.176179     0.010608   1.782184   0.102994
      37   0.072000   0.925300   0.027497   0.207360     3.229822     0.010550   1.797170   0.102712
      38   0.076800   0.920500  -0.002692   0.202440     3.177661     0.011144   1.782600   0.105565
      39   0.081600   0.915700   0.001318   0.204349     3.096778     0.010993   1.759766   0.104849
      40   0.081600   0.915700   0.025611   0.207825     3.041801     0.011178   1.744076   0.105726
      41   0.086400   0.910900   0.033707   0.203077     2.970168     0.011785   1.723418   0.108561
      42   0.086400   0.910900  -0.029702   0.202122     3.060370     0.011541   1.749391   0.107430
      43   0.086400   0.910900  -0.018277   0.205777     2.994554     0.011821   1.730478   0.108723
      44   0.091200   0.906100  -0.009385   0.205182     2.929818     0.011567   1.711671   0.107550
      45   0.091200   0.906100  -0.044258   0.206365     2.917029     0.011370   1.707931   0.106631
      46   0.091200   0.906100   0.015366   0.207577     3.010109     0.011188   1.734966   0.105772
      47   0.091200   0.906100   0.044946   0.206893     2.985458     0.010971   1.727848   0.104741
      48   0.091200   0.906100   0.098351   0.203985     3.054517     0.011131   1.747718   0.105504
      49   0.091200   0.906100   0.038467   0.200446     3.160801     0.011493   1.777864   0.107205
      50   0.096000   0.901300   0.030783   0.200723     3.100420     0.011267   1.760801   0.106145
      51   0.100800   0.896500   0.059111   0.198089     3.078965     0.011386   1.754698   0.106705
      52   0.105600   0.891700   0.066235   0.196774     3.022292     0.011254   1.738474   0.106083
      53   0.105600   0.891700   0.092653   0.197654     3.000876     0.011081   1.732304   0.105265
      54   0.110400   0.886900   0.076021   0.198441     2.959694     0.010908   1.720376   0.104440
      55   0.110400   0.886900   0.047355   0.197739     2.949448     0.010736   1.717396   0.103612
      56   0.110400   0.886900   0.011455   0.198493     2.966397     0.010575   1.722323   0.102833
      57   0.110400   0.886900   0.035525   0.199208     2.946231     0.010417   1.716459   0.102064
      58   0.110400   0.886900  -0.007736   0.202242     3.000273     0.010753   1.732130   0.103697
      59   0.115200   0.882100   0.007973   0.199882     2.963491     0.010888   1.721479   0.104347
      60   0.115200   0.882100   0.055768   0.197371     3.046631     0.011073   1.745460   0.105227
      61   0.120000   0.877300   0.042623   0.198384     3.006883     0.010952   1.734036   0.104650
      62   0.120000   0.877300   0.073634   0.199762     3.016098     0.010889   1.736692   0.104351
      63   0.124800   0.872500   0.074085   0.199631     2.968236     0.010717   1.722857   0.103524
      64   0.124800   0.872500   0.036704   0.201326     3.008515     0.010728   1.734507   0.103576
      65   0.124800   0.872500   0.011659   0.200487     3.001756     0.010607   1.732558   0.102992
      66   0.124800   0.872500   0.049831   0.199149     3.049549     0.010561   1.746296   0.102767
      67   0.129600   0.867700   0.021290   0.196821     3.056994     0.010756   1.748426   0.103711
      68   0.134400   0.862900   0.037089   0.196879     3.028516     0.010598   1.740263   0.102947
      69   0.139200   0.858100   0.033744   0.198415     2.985374     0.010603   1.727824   0.102969
      70   0.139200   0.858100   0.005982   0.201031     2.995148     0.010917   1.730650   0.104482
      71   0.139200   0.858100  -0.013722   0.202099     2.979757     0.010841   1.726197   0.104122
      72   0.139200   0.858100  -0.037862   0.203105     2.979172     0.010762   1.726028   0.103739
      73   0.144000   0.853300  -0.072073   0.200531     3.021472     0.011085   1.738238   0.105283
      74   0.144000   0.853300  -0.110621   0.202430     3.087652     0.011194   1.757171   0.105804
      75   0.144000   0.853300  -0.083802   0.204792     3.099000     0.011452   1.760398   0.107016
      76   0.148800   0.848500  -0.102351   0.202752     3.083689     0.011610   1.756044   0.107748
      77   0.153600   0.843700  -0.079768   0.200818     3.081895     0.011740   1.755533   0.108349
      78   0.153600   0.843700  -0.067179   0.202579     3.054431     0.011825   1.747693   0.108742
      79   0.153600   0.843700  -0.045017   0.202458     3.053592     0.011676   1.747453   0.108056
      80   0.153600   0.843700  -0.022850   0.201276     3.053757     0.011639   1.747500   0.107885
      81   0.158400   0.838900  -0.026877   0.199981     3.017338     0.011628   1.737049   0.107833
      82   0.163200   0.834100  -0.029703   0.198092     2.981180     0.011772   1.726610   0.108498
      83   0.168000   0.829300  -0.016763   0.196300     2.958829     0.011890   1.720125   0.109042
      84   0.172800   0.824500   0.014593   0.194017     3.004238     0.012176   1.733274   0.110346
      85   0.172800   0.824500   0.034677   0.193361     3.002378     0.012069   1.732737   0.109858
      86   0.177600   0.819700   0.022662   0.193195     2.979594     0.011931   1.726150   0.109227
      87   0.182400   0.814900   0.020552   0.195495     2.945724     0.012243   1.716311   0.110648
      88   0.182400   0.814900  -0.000028   0.196593     2.948681     0.012208   1.717172   0.110489
      89   0.187200   0.810100   0.004143   0.195790     2.917063     0.012127   1.707941   0.110122
      90   0.192000   0.805300   0.002855   0.195546     2.884798     0.011997   1.698469   0.109532
      91   0.192000   0.805300  -0.027916   0.195132     2.937378     0.011881   1.713878   0.108999
      92   0.192000   0.805300  -0.000622   0.194367     2.972509     0.011804   1.724097   0.108647
      93   0.196800   0.800500  -0.000609   0.193599     2.940546     0.011731   1.714802   0.108310
      94   0.196800   0.800500   0.018916   0.195644     2.944341     0.011991   1.715908   0.109504
      95   0.196800   0.800500  -0.002363   0.194944     2.955461     0.011910   1.719145   0.109135
      96   0.196800   0.800500  -0.028748   0.196678     2.990123     0.012069   1.729197   0.109859
      97   0.196800   0.800500  -0.009017   0.198444     2.996286     0.012241   1.730978   0.110638
      98   0.196800   0.800500  -0.037249   0.197960     3.042235     0.012138   1.744200   0.110174
      99   0.196800   0.800500  -0.059190   0.197738     3.058209     0.012021   1.748774   0.109638
     100   0.196800   0.800500  -0.035674   0.198084     3.081830     0.011912   1.755514   0.109143
     101   0.201600   0.795700  -0.038021   0.197948     3.051862     0.011796   1.746958   0.108609
     102   0.206400   0.790900  -0.027460   0.196082     3.033097     0.012028   1.741579   0.109674
     103   0.206400   0.790900  -0.053437   0.194996     3.071815     0.012031   1.752659   0.109685
     104   0.211200   0.786100  -0.049963   0.194666     3.043509     0.011926   1.744566   0.109208
     105   0.211200   0.786100  -0.064612   0.195338     3.036630     0.011859   1.742593   0.108900
     106   0.216000   0.781300  -0.061140   0.194315     3.009237     0.011856   1.734715   0.108887
     107   0.216000   0.781300  -0.039777   0.193735     3.029038     0.011781   1.740413   0.108540
     108   0.216000   0.781300  -0.014586   0.192642     3.068260     0.011798   1.751645   0.108621
     109   0.216000   0.781300   0.011202   0.193126     3.111276     0.011715   1.763881   0.108237
     110   0.220800   0.776500   0.017072   0.193971     3.086714     0.011686   1.756905   0.108101
     111   0.220800   0.776500   0.032747   0.195587     3.085691     0.011865   1.756614   0.108928
     112   0.225600   0.771700   0.029878   0.196155     3.059047     0.011795   1.749013   0.108604
     113   0.230400   0.766900   0.028393   0.195693     3.032220     0.011714   1.741327   0.108232
     114   0.230400   0.766900   0.010850   0.196683     3.040094     0.011721   1.743586   0.108264
     115   0.230400   0.766900  -0.014213   0.198025     3.084641     0.011823   1.756315   0.108732
     116   0.235200   0.762100  -0.002787   0.197208     3.072933     0.011797   1.752978   0.108612
     117   0.235200   0.762100   0.009260   0.198095     3.063359     0.011786   1.750246   0.108565
     118   0.240000   0.757300   0.024468   0.196523     3.064229     0.011973   1.750494   0.109422
     119   0.240000   0.757300   0.039943   0.196161     3.066499     0.011888   1.751142   0.109032
     120   0.244800   0.752500   0.043671   0.194719     3.042586     0.012034   1.744301   0.109700
     121   0.244800   0.752500   0.020348   0.195960     3.082179     0.012118   1.755614   0.110081
     122   0.244800   0.752500   0.002502   0.196847     3.095136     0.012113   1.759300   0.110059
     123   0.244800   0.752500  -0.020708   0.197267     3.135161     0.012036   1.770639   0.109708
     124   0.249600   0.747700  -0.016194   0.196782     3.112365     0.011967   1.764190   0.109396
     125   0.249600   0.747700  -0.025637   0.198294     3.098436     0.012153   1.760237   0.110240
     126   0.249600   0.747700  -0.006614   0.197405     3.118723     0.012155   1.765991   0.110248
     127   0.249600   0.747700   0.014010   0.198482     3.147336     0.012204   1.774073   0.110472
     128   0.249600   0.747700   0.021238   0.199935     3.129331     0.012375   1.768992   0.111242
     129   0.249600   0.747700   0.035712   0.200981     3.131681     0.012418   1.769655   0.111435
     130   0.254400   0.742900   0.036267   0.200145     3.107630     0.012412   1.762847   0.111408
     131   0.254400   0.742900   0.019052   0.201227     3.122139     0.012468   1.766958   0.111662
     132   0.259200   0.738100   0.023620   0.201338     3.101200     0.012375   1.761022   0.111245
     133   0.264000   0.733300   0.022509   0.200911     3.078044     0.012306   1.754436   0.110934
     134   0.264000   0.733300   0.005008   0.200865     3.095506     0.012215   1.759405   0.110520
     135   0.268800   0.728500  -0.004372   0.199614     3.084278     0.012332   1.756211   0.111052
     136   0.268800   0.728500   0.012137   0.200355     3.098120     0.012315   1.760148   0.110974
     137   0.268800   0.728500   0.032663   0.200435     3.132387     0.012226   1.769855   0.110572
     138   0.268800   0.728500   0.030349   0.201794     3.110417     0.012389   1.763637   0.111306
     139   0.268800   0.728500   0.022759   0.202787     3.095932     0.012435   1.759526   0.111512
     140   0.268800   0.728500   0.009572   0.202393     3.097815     0.012368   1.760061   0.111209
     141   0.273600   0.723700   0.011697   0.201340     3.076472     0.012434   1.753988   0.111507
     142   0.278400   0.718900   0.002356   0.200512     3.067023     0.012442   1.751292   0.111546
     143   0.278400   0.718900   0.007303   0.201718     3.049026     0.012561   1.746146   0.112074
     144   0.283200   0.714100   0.004122   0.201633     3.029289     0.012474   1.740485   0.111688
     145   0.283200   0.714100  -0.007178   0.202257     3.026658     0.012444   1.739729   0.111553
     146   0.283200   0.714100  -0.025237   0.203004     3.052889     0.012439   1.747252   0.111531
     147   0.288000   0.709300  -0.035160   0.201885     3.046399     0.012536   1.745394   0.111965
     148   0.288000   0.709300  -0.044585   0.202851     3.038786     0.012588   1.743211   0.112195
     149   0.288000   0.709300  -0.024274   0.202392     3.079039     0.012534   1.754719   0.111956
     150   0.292800   0.704500  -0.018958   0.202687     3.062694     0.012463   1.750055   0.111640
     151   0.292800   0.704500  -0.035336   0.203806     3.082381     0.012567   1.755671   0.112104
     152   0.292800   0.704500  -0.018534   0.202858     3.104452     0.012619   1.761946   0.112336
     153   0.297600   0.699700  -0.017423   0.202667     3.084348     0.012542   1.756231   0.111992
     154   0.297600   0.699700  -0.004744   0.203724     3.088755     0.012631   1.757485   0.112386
     155   0.297600   0.699700  -0.021436   0.203548     3.111459     0.012554   1.763933   0.112044
     156   0.297600   0.699700  -0.005422   0.202811     3.131008     0.012557   1.769466   0.112057
     157   0.297600   0.699700  -0.013587   0.203865     3.121399     0.012649   1.766748   0.112468
     158   0.302400   0.694900  -0.008663   0.203805     3.105425     0.012569   1.762222   0.112114
     159   0.307200   0.690100  -0.005008   0.204104     3.087993     0.012504   1.757269   0.111823
     160   0.312000   0.685300   0.010244   0.202895     3.105445     0.012657   1.762227   0.112504
     161   0.312000   0.685300   0.006708   0.203799     3.088145     0.012709   1.757312   0.112732
     162   0.312000   0.685300  -0.009444   0.204995     3.110824     0.012859   1.763753   0.113397
     163   0.316800   0.680500  -0.005445   0.204196     3.094315     0.012883   1.759067   0.113502
     164   0.316800   0.680500  -0.013511   0.204687     3.085990     0.012843   1.756699   0.113328
     165   0.316800   0.680500  -0.023635   0.204838     3.083994     0.012769   1.756130   0.113001
     166   0.316800   0.680500  -0.014177   0.205226     3.080087     0.012717   1.755018   0.112770
     167   0.321600   0.675700  -0.010107   0.205293     3.064376     0.012642   1.750536   0.112435
     168   0.326400   0.670900  -0.016637   0.205233     3.053215     0.012567   1.747345   0.112102
     169   0.326400   0.670900  -0.031148   0.205843     3.070314     0.012555   1.752231   0.112048
     170   0.326400   0.670900  -0.043602   0.205397     3.078311     0.012514   1.754512   0.111867
     171   0.331200   0.666100  -0.044951   0.204960     3.060617     0.012473   1.749462   0.111684
     172   0.336000   0.661300  -0.056619   0.203887     3.065965     0.012596   1.750990   0.112234
     173   0.340800   0.656500  -0.046759   0.203219     3.064868     0.012600   1.750676   0.112250
     174   0.340800   0.656500  -0.059360   0.203469     3.074567     0.012538   1.753444   0.111974
     175   0.340800   0.656500  -0.044205   0.204296     3.096735     0.012585   1.759754   0.112183
     176   0.340800   0.656500  -0.052437   0.204243     3.090933     0.012514   1.758105   0.111866
     177   0.340800   0.656500  -0.035422   0.203214     3.124135     0.012629   1.767522   0.112377
     178   0.340800   0.656500  -0.039369   0.204092     3.109324     0.012693   1.763328   0.112665
     179   0.340800   0.656500  -0.030507   0.204101     3.105852     0.012623   1.762343   0.112350
     180   0.340800   0.656500  -0.024875   0.205075     3.094244     0.012721   1.759046   0.112789
     181   0.340800   0.656500  -0.038226   0.204410     3.109053     0.012730   1.763251   0.112828
     182   0.340800   0.656500  -0.043722   0.205267     3.097409     0.012792   1.759946   0.113103
     183   0.345600   0.651700  -0.035238   0.204602     3.093512     0.012802   1.758838   0.113148
     184   0.350400   0.646900  -0.038754   0.204668     3.078950     0.012734   1.754694   0.112843
     185   0.350400   0.646900  -0.050957   0.205551     3.089562     0.012808   1.757715   0.113170
     186   0.350400   0.646900  -0.058549   0.205916     3.083556     0.012763   1.756006   0.112974
     187   0.350400   0.646900  -0.044720   0.205712     3.102449     0.012703   1.761377   0.112706
     188   0.350400   0.646900  -0.054458   0.205627     3.103587     0.012636   1.761700   0.112412
     189   0.350400   0.646900  -0.041821   0.206270     3.117030     0.012647   1.765511   0.112458
     190   0.350400   0.646900  -0.045547   0.206870     3.103234     0.012648   1.761600   0.112462
     191   0.350400   0.646900  -0.033973   0.207088     3.112304     0.012591   1.764172   0.112208
     192   0.350400   0.646900  -0.022433   0.206278     3.121397     0.012650   1.766748   0.112470
     193   0.350400   0.646900  -0.015793   0.206883     3.113645     0.012654   1.764552   0.112490
     194   0.350400   0.646900  -0.026025   0.207488     3.117698     0.012659   1.765700   0.112513
     195   0.355200   0.642100  -0.024206   0.206987     3.102349     0.012643   1.761349   0.112440
     196   0.360000   0.637300  -0.026260   0.207606     3.087339     0.012653   1.757083   0.112484
     197   0.364800   0.632500  -0.029418   0.206559     3.073613     0.012802   1.753172   0.113148
     198   0.364800   0.632500  -0.043540   0.205938     3.097176     0.012813   1.759879   0.113196
     199   0.364800   0.632500  -0.034111   0.205292     3.099125     0.012831   1.760433   0.113274
     200   0.364800   0.632500  -0.039725   0.205606     3.089870     0.012786   1.757803   0.113077
     201   0.364800   0.632500  -0.026250   0.205649     3.110633     0.012723   1.763699   0.112797
     202   0.369600   0.627700  -0.024456   0.206287     3.095878     0.012742   1.759511   0.112879
     203   0.369600   0.627700  -0.034545   0.206361     3.101089     0.012680   1.760991   0.112606
     204   0.374400   0.622900  -0.042804   0.205570     3.099664     0.012744   1.760586   0.112890
     205   0.374400   0.622900  -0.033404   0.205162     3.102481     0.012716   1.761386   0.112764
     206   0.374400   0.622900  -0.043881   0.205644     3.109816     0.012701   1.763467   0.112700
     207   0.374400   0.622900  -0.035356   0.205918     3.109693     0.012655   1.763432   0.112496
     208   0.379200   0.618100  -0.034652   0.205644     3.094845     0.012610   1.759217   0.112294
     209   0.379200   0.618100  -0.021483   0.206550     3.115934     0.012720   1.765201   0.112781
     210   0.384000   0.613300  -0.022209   0.206278     3.101206     0.012674   1.761024   0.112581
     211   0.384000   0.613300  -0.028390   0.207022     3.094493     0.012730   1.759117   0.112828
     212   0.384000   0.613300  -0.037442   0.206859     3.097104     0.012676   1.759859   0.112587
     213   0.384000   0.613300  -0.030570   0.206692     3.092530     0.012622   1.758559   0.112348
     214   0.384000   0.613300  -0.026299   0.207509     3.081946     0.012704   1.755547   0.112714
     215   0.384000   0.613300  -0.020012   0.207981     3.076031     0.012693   1.753862   0.112662
     216   0.388800   0.608500  -0.015852   0.208228     3.065494     0.012647   1.750855   0.112459
     217   0.388800   0.608500  -0.009405   0.208577     3.060304     0.012615   1.749372   0.112316
     218   0.388800   0.608500   0.000702   0.209000     3.068328     0.012596   1.751664   0.112231
     219   0.388800   0.608500  -0.007710   0.208645     3.069671     0.012566   1.752048   0.112097
     220   0.388800   0.608500  -0.013209   0.209148     3.062312     0.012564   1.749946   0.112089
     221   0.393600   0.603700  -0.014160   0.208636     3.048653     0.012565   1.746039   0.112092
     222   0.393600   0.603700  -0.027330   0.208711     3.073081     0.012509   1.753020   0.111844
     223   0.393600   0.603700  -0.039234   0.207918     3.090615     0.012592   1.758015   0.112215
     224   0.393600   0.603700  -0.031702   0.208010     3.089411     0.012538   1.757672   0.111973
     225   0.393600   0.603700  -0.038949   0.208161     3.087394     0.012487   1.757098   0.111746
     226   0.398400   0.598900  -0.033322   0.207271     3.080827     0.012610   1.755228   0.112293
     227   0.403200   0.594100  -0.036262   0.206489     3.069200     0.012692   1.751913   0.112657
     228   0.403200   0.594100  -0.045206   0.206177     3.073821     0.012658   1.753232   0.112507
     229   0.403200   0.594100  -0.057160   0.206624     3.092836     0.012648   1.758646   0.112463
     230   0.403200   0.594100  -0.046735   0.206488     3.104171     0.012597   1.761866   0.112237
     231   0.408000   0.589300  -0.049566   0.206735     3.092568     0.012557   1.758570   0.112056
     232   0.408000   0.589300  -0.040660   0.207354     3.097478     0.012591   1.759965   0.112208
     233   0.412800   0.584500  -0.036556   0.207090     3.088076     0.012553   1.757292   0.112038
     234   0.412800   0.584500  -0.026043   0.206422     3.100520     0.012602   1.760829   0.112260
     235   0.412800   0.584500  -0.033793   0.206496     3.101322     0.012550   1.761057   0.112027
     236   0.417600   0.579700  -0.031412   0.205646     3.089508     0.012666   1.757700   0.112543
     237   0.422400   0.574900  -0.027653   0.205585     3.079792     0.012613   1.754934   0.112310
     238   0.422400   0.574900  -0.019405   0.205555     3.082907     0.012561   1.755821   0.112074
     239   0.427200   0.570100  -0.021930   0.205781     3.071519     0.012520   1.752575   0.111894
     240   0.427200   0.570100  -0.028204   0.205966     3.068088     0.012476   1.751596   0.111697
     241   0.427200   0.570100  -0.018242   0.205275     3.079075     0.012539   1.754729   0.111976
     242   0.432000   0.565300  -0.017648   0.204452     3.066436     0.012650   1.751124   0.112470
     243   0.432000   0.565300  -0.027856   0.204583     3.078931     0.012602   1.754688   0.112257
     244   0.432000   0.565300  -0.018145   0.205354     3.089134     0.012694   1.757593   0.112668
     245   0.436800   0.560500  -0.018537   0.205209     3.076562     0.012647   1.754013   0.112460
     246   0.441600   0.555700  -0.017384   0.204805     3.064380     0.012636   1.750537   0.112409
     247   0.441600   0.555700  -0.029024   0.205299     3.085166     0.012644   1.756464   0.112446
     248   0.446400   0.550900  -0.028288   0.204661     3.072859     0.012693   1.752957   0.112664
     249   0.446400   0.550900  -0.033850   0.204754     3.068159     0.012644   1.751616   0.112447
     250   0.451200   0.546100  -0.033089   0.204016     3.056029     0.012729   1.748150   0.112822
     251   0.451200   0.546100  -0.021865   0.204173     3.075222     0.012684   1.753631   0.112624
     252   0.451200   0.546100  -0.026162   0.204759     3.067634     0.012720   1.751466   0.112781
     253   0.456000   0.541300  -0.024144   0.204599     3.056531     0.012676   1.748294   0.112587
     254   0.456000   0.541300  -0.014889   0.205173     3.066082     0.012709   1.751023   0.112733
     255   0.460800   0.536500  -0.015716   0.205220     3.054231     0.012660   1.747636   0.112515
     256   0.460800   0.536500  -0.008045   0.205922     3.057250     0.012735   1.748499   0.112850
     257   0.460800   0.536500  -0.016089   0.206169     3.061856     0.012701   1.749816   0.112700
     258   0.465600   0.531700  -0.014406   0.206518     3.050713     0.012683   1.746629   0.112620
     259   0.465600   0.531700  -0.012287   0.207166     3.040089     0.012742   1.743585   0.112881
     260   0.470400   0.526900  -0.009390   0.206384     3.030561     0.012851   1.740851   0.113362
     261   0.475200   0.522100  -0.010323   0.207042     3.019174     0.012914   1.737577   0.113639
     262   0.480000   0.517300  -0.013089   0.207312     3.009640     0.012884   1.734831   0.113506
     263   0.480000   0.517300  -0.004311   0.207297     3.018308     0.012835   1.737328   0.113290
     264   0.480000   0.517300  -0.010795   0.207997     3.017893     0.012915   1.737208   0.113642
     265   0.480000   0.517300  -0.018321   0.207455     3.021401     0.012943   1.738218   0.113768
     266   0.484800   0.512500  -0.016172   0.207594     3.011261     0.012900   1.735299   0.113576
     267   0.484800   0.512500  -0.006518   0.208208     3.024686     0.012951   1.739163   0.113802
     268   0.484800   0.512500  -0.001311   0.208351     3.020612     0.012908   1.737991   0.113614
     269   0.489600   0.507700  -0.007034   0.207889     3.018129     0.012917   1.737276   0.113654
     270   0.489600   0.507700  -0.010677   0.208288     3.010507     0.012912   1.735081   0.113631
     271   0.494400   0.502900  -0.010359   0.208631     2.999425     0.012896   1.731885   0.113560
     272   0.494400   0.502900  -0.001709   0.208930     3.008605     0.012873   1.734533   0.113458
     273   0.494400   0.502900  -0.006371   0.209255     3.003476     0.012854   1.733054   0.113377
     274   0.499200   0.498100  -0.005956   0.208786     2.992561     0.012867   1.729902   0.113434
     275   0.499200   0.498100  -0.016733   0.208905     3.013389     0.012824   1.735911   0.113245
     276   0.499200   0.498100  -0.024765   0.209021     3.020146     0.012782   1.737857   0.113056
     277   0.499200   0.498100  -0.029671   0.209652     3.015861     0.012845   1.736624   0.113336
     278   0.499200   0.498100  -0.022121   0.209733     3.020745     0.012801   1.738029   0.113140
     279   0.499200   0.498100  -0.029509   0.209994     3.025038     0.012774   1.739264   0.113021
     280   0.499200   0.498100  -0.019089   0.209429     3.044420     0.012817   1.744827   0.113212
     281   0.504000   0.493300  -0.017305   0.209737     3.034474     0.012798   1.741974   0.113127
     282   0.504000   0.493300  -0.010246   0.210385     3.037664     0.012870   1.742890   0.113447
     283   0.508800   0.488500  -0.009641   0.209779     3.027033     0.012928   1.739837   0.113701
     284   0.513600   0.483700  -0.005399   0.209178     3.021450     0.012984   1.738232   0.113949
     285   0.513600   0.483700  -0.012991   0.209160     3.027159     0.012939   1.739873   0.113749
     286   0.518400   0.478900  -0.015893   0.208580     3.018966     0.012989   1.737517   0.113970
     287   0.518400   0.478900  -0.013574   0.209226     3.009979     0.013063   1.734929   0.114294
     288   0.523200   0.474100  -0.012174   0.208726     3.000088     0.013089   1.732076   0.114408
     289   0.523200   0.474100  -0.021189   0.209149     3.013031     0.013095   1.735809   0.114435
     290   0.523200   0.474100  -0.029822   0.209251     3.024107     0.013053   1.738996   0.114250
     291   0.528000   0.469300  -0.025356   0.208792     3.019481     0.013069   1.737665   0.114320
     292   0.528000   0.469300  -0.021859   0.209342     3.012686     0.013112   1.735709   0.114507
     293   0.532800   0.464500  -0.024862   0.208747     3.005029     0.013170   1.733502   0.114761
     294   0.532800   0.464500  -0.016638   0.208123     3.014555     0.013239   1.736247   0.115061
     295   0.532800   0.464500  -0.023865   0.208773     3.019640     0.013318   1.737711   0.115403
     296   0.537600   0.459700  -0.024328   0.208410     3.009502     0.013311   1.734792   0.115375
     297   0.537600   0.459700  -0.031078   0.208770     3.012811     0.013305   1.735745   0.115347
     298   0.542400   0.454900  -0.031401   0.208757     3.002732     0.013260   1.732839   0.115153
     299   0.542400   0.454900  -0.023460   0.208253     3.011418     0.013291   1.735344   0.115289
     300   0.547200   0.450100  -0.025396   0.207625     3.002497     0.013365   1.732771   0.115606
     301   0.547200   0.450100  -0.019335   0.208243     3.003507     0.013434   1.733063   0.115906
     302   0.547200   0.450100  -0.022358   0.208676     2.996304     0.013446   1.730984   0.115958
     303   0.552000   0.445300  -0.026600   0.208451     2.991832     0.013417   1.729691   0.115833
     304   0.552000   0.445300  -0.030912   0.208661     2.987605     0.013386   1.728469   0.115699
     305   0.552000   0.445300  -0.039053   0.208549     2.997890     0.013346   1.731442   0.115526
     306   0.552000   0.445300  -0.041100   0.209064     2.989367     0.013383   1.728979   0.115685
     307   0.556800   0.440500  -0.034445   0.208454     2.993135     0.013453   1.730068   0.115987
     308   0.556800   0.440500  -0.041915   0.208364     3.000493     0.013412   1.732193   0.115809
     309   0.556800   0.440500  -0.049503   0.208511     3.008456     0.013375   1.734490   0.115651
     310   0.561600   0.435700  -0.047947   0.208822     2.999497     0.013362   1.731906   0.115593
     311   0.566400   0.430900  -0.042423   0.208326     2.999282     0.013395   1.731843   0.115736
     312   0.566400   0.430900  -0.035283   0.208023     3.005475     0.013380   1.733630   0.115674
     313   0.566400   0.430900  -0.028423   0.208493     3.010505     0.013406   1.735081   0.115785
     314   0.566400   0.430900  -0.036899   0.208789     3.023329     0.013391   1.738772   0.115719
     315   0.566400   0.430900  -0.043014   0.208519     3.025438     0.013371   1.739379   0.115633
     316   0.566400   0.430900  -0.049226   0.208918     3.027977     0.013379   1.740108   0.115666
     317   0.566400   0.430900  -0.053670   0.209167     3.024648     0.013356   1.739151   0.115568
     318   0.566400   0.430900  -0.045812   0.209673     3.034650     0.013395   1.742025   0.115737
     319   0.571200   0.426100  -0.046387   0.210028     3.025242     0.013393   1.739322   0.115727
     320   0.576000   0.421300  -0.050916   0.209663     3.022312     0.013393   1.738480   0.115729
     321   0.580800   0.416500  -0.046737   0.209483     3.018467     0.013362   1.737374   0.115593
     322   0.585600   0.411700  -0.047131   0.210048     3.009142     0.013422   1.734688   0.115855
     323   0.590400   0.406900  -0.053883   0.209413     3.014464     0.013511   1.736221   0.116235
     324   0.590400   0.406900  -0.050714   0.209911     3.008395     0.013549   1.734473   0.116400
     325   0.590400   0.406900  -0.041995   0.209574     3.023693     0.013544   1.738877   0.116378
     326   0.590400   0.406900  -0.047779   0.209495     3.025257     0.013504   1.739327   0.116208
     327   0.595200   0.402100  -0.046056   0.209683     3.016970     0.013475   1.736943   0.116080
     328   0.600000   0.397300  -0.048820   0.209133     3.010262     0.013532   1.735011   0.116329
     329   0.604800   0.392500  -0.044160   0.208660     3.008213     0.013564   1.734420   0.116466
     330   0.609600   0.387700  -0.044107   0.208430     2.999098     0.013541   1.731790   0.116364
     331   0.609600   0.387700  -0.047370   0.208748     2.993541     0.013533   1.730185   0.116330
     332   0.609600   0.387700  -0.041217   0.209105     2.997021     0.013534   1.731191   0.116336
     333   0.614400   0.382900  -0.044926   0.208618     2.992575     0.013572   1.729906   0.116500
     334   0.619200   0.378100  -0.046701   0.208021     2.984661     0.013650   1.727617   0.116832
     335   0.619200   0.378100  -0.051839   0.208075     2.984541     0.013610   1.727582   0.116662
     336   0.619200   0.378100  -0.048504   0.208456     2.979374     0.013618   1.726086   0.116696
     337   0.619200   0.378100  -0.055301   0.207995     2.986010     0.013649   1.728008   0.116828
     338   0.624000   0.373300  -0.053273   0.208229     2.978558     0.013627   1.725850   0.116733
     339   0.624000   0.373300  -0.045725   0.208594     2.988970     0.013631   1.728864   0.116754
     340   0.628800   0.368500  -0.038400   0.208025     2.998315     0.013701   1.731564   0.117051
     341   0.633600   0.363700  -0.036604   0.208248     2.990615     0.013678   1.729340   0.116952
     342   0.633600   0.363700  -0.033000   0.208743     2.986288     0.013721   1.728088   0.117137
     343   0.633600   0.363700  -0.037425   0.208560     2.984258     0.013693   1.727500   0.117015
     344   0.638400   0.358900  -0.036458   0.208043     2.975903     0.013744   1.725081   0.117236
     345   0.643200   0.354100  -0.032591   0.207492     2.972405     0.013808   1.724066   0.117509
     346   0.648000   0.349300  -0.028916   0.207157     2.968460     0.013807   1.722922   0.117503
     347   0.652800   0.344500  -0.028582   0.206828     2.959944     0.013805   1.720449   0.117493
     348   0.657600   0.339700  -0.030215   0.206851     2.952361     0.013765   1.718244   0.117325
     349   0.657600   0.339700  -0.024488   0.206767     2.955284     0.013728   1.719094   0.117167
     350   0.657600   0.339700  -0.030757   0.206367     2.960520     0.013745   1.720616   0.117237
     351   0.662400   0.334900  -0.032955   0.205925     2.953770     0.013773   1.718654   0.117361
     352   0.667200   0.330100  -0.031258   0.205903     2.946387     0.013735   1.716504   0.117194
     353   0.672000   0.325300  -0.032802   0.205798     2.938877     0.013699   1.714315   0.117045
     354   0.672000   0.325300  -0.039198   0.206112     2.944975     0.013695   1.716093   0.117028
     355   0.672000   0.325300  -0.034436   0.206504     2.944681     0.013711   1.716007   0.117095
     356   0.676800   0.320500  -0.031209   0.206160     2.940096     0.013715   1.714671   0.117110
     357   0.681600   0.315700  -0.033754   0.205948     2.934158     0.013692   1.712938   0.117014
     358   0.681600   0.315700  -0.028122   0.206383     2.937253     0.013721   1.713842   0.117139
     359   0.681600   0.315700  -0.020333   0.205939     2.950729     0.013753   1.717769   0.117275
     360   0.686400   0.310900  -0.023016   0.205479     2.945109     0.013791   1.716132   0.117435
     361   0.686400   0.310900  -0.016521   0.205029     2.952092     0.013826   1.718165   0.117583
     362   0.686400   0.310900  -0.009025   0.205150     2.964168     0.013793   1.721676   0.117443
     363   0.691200   0.306100  -0.011445   0.204602     2.958116     0.013863   1.719917   0.117742
     364   0.691200   0.306100  -0.003372   0.204237     2.973584     0.013873   1.724408   0.117786
     365   0.691200   0.306100   0.004660   0.203802     2.988853     0.013904   1.728830   0.117915
     366   0.696000   0.301300  -0.003133   0.203259     3.002789     0.013973   1.732856   0.118209
     367   0.700800   0.296500  -0.002889   0.202893     2.994629     0.013984   1.730500   0.118255
     368   0.705600   0.291700  -0.002802   0.202884     2.986494     0.013946   1.728148   0.118094
     369   0.710400   0.286900  -0.002448   0.202647     2.978447     0.013929   1.725818   0.118021
     370   0.710400   0.286900   0.004872   0.203045     2.990119     0.013949   1.729196   0.118108
     371   0.715200   0.282100   0.006211   0.203248     2.982720     0.013927   1.727055   0.118013
     372   0.720000   0.277300   0.011371   0.202764     2.984553     0.013976   1.727586   0.118221
     373   0.720000   0.277300   0.015078   0.202872     2.981651     0.013943   1.726746   0.118081
     374   0.720000   0.277300   0.022234   0.202389     2.992731     0.013993   1.729951   0.118291
     375   0.720000   0.277300   0.028233   0.202911     2.998171     0.014057   1.731523   0.118563
     376   0.720000   0.277300   0.034239   0.202607     3.003691     0.014054   1.733116   0.118551
     377   0.724800   0.272500   0.035188   0.202170     2.996062     0.014089   1.730914   0.118697
     378   0.724800   0.272500   0.042922   0.202328     3.010623     0.014061   1.735115   0.118579
     379   0.729600   0.267700   0.042112   0.202600     3.002926     0.014052   1.732895   0.118541
     380   0.734400   0.262900   0.042273   0.202412     2.995033     0.014028   1.730616   0.118441
     381   0.734400   0.262900   0.039680   0.202919     2.989721     0.014089   1.729081   0.118695
     382   0.734400   0.262900   0.033303   0.203266     2.997346     0.014098   1.731284   0.118733
     383   0.734400   0.262900   0.038462   0.203136     2.999659     0.014067   1.731952   0.118605
     384   0.734400   0.262900   0.033067   0.203020     3.002965     0.014036   1.732907   0.118472
     385   0.739200   0.258100   0.027885   0.202628     3.005453     0.014058   1.733624   0.118567
     386   0.739200   0.258100   0.024696   0.202925     3.001571     0.014056   1.732504   0.118557
     387   0.739200   0.258100   0.028412   0.203109     2.999132     0.014032   1.731800   0.118458
     388   0.744000   0.253300   0.027865   0.203426     2.991518     0.014035   1.729601   0.118469
     389   0.744000   0.253300   0.035431   0.203570     3.005978     0.014007   1.733776   0.118351
     390   0.748800   0.248500   0.028149   0.203053     3.018845     0.014075   1.737482   0.118637
     391   0.748800   0.248500   0.025422   0.203274     3.014017     0.014058   1.736092   0.118566
     392   0.753600   0.243700   0.023501   0.203460     3.007767     0.014036   1.734291   0.118472
     393   0.753600   0.243700   0.030173   0.203922     3.017519     0.014083   1.737101   0.118673
     394   0.758400   0.238900   0.028378   0.203778     3.011123     0.014056   1.735259   0.118556
     395   0.763200   0.234100   0.028811   0.203688     3.003573     0.014023   1.733082   0.118420
     396   0.763200   0.234100   0.024290   0.204090     3.004040     0.014051   1.733217   0.118539
     397   0.763200   0.234100   0.022381   0.204479     2.997913     0.014076   1.731448   0.118642
     398   0.763200   0.234100   0.015434   0.204772     3.009491     0.014075   1.734789   0.118636
     399   0.763200   0.234100   0.019709   0.204834     3.009206     0.014041   1.734706   0.118494
     400   0.763200   0.234100   0.025765   0.204592     3.016281     0.014029   1.736744   0.118445
     401   0.768000   0.229300   0.027098   0.204124     3.009467     0.014081   1.734782   0.118665
     402   0.772800   0.224500   0.022466   0.203689     3.010563     0.014122   1.735097   0.118836
     403   0.772800   0.224500   0.024223   0.204089     3.004330     0.014151   1.733300   0.118957
     404   0.772800   0.224500   0.029074   0.204098     3.006355     0.014116   1.733884   0.118810
     405   0.772800   0.224500   0.022332   0.203972     3.017251     0.014087   1.737024   0.118690
     406   0.772800   0.224500   0.017218   0.204377     3.020383     0.014119   1.737925   0.118823
     407   0.772800   0.224500   0.012118   0.204114     3.023499     0.014112   1.738821   0.118796
     408   0.777600   0.219700   0.009151   0.204042     3.019661     0.014080   1.737717   0.118659
     409   0.777600   0.219700   0.014317   0.204485     3.023138     0.014125   1.738717   0.118849
     410   0.782400   0.214900   0.012168   0.204337     3.017648     0.014100   1.737138   0.118741
     411   0.782400   0.214900   0.004990   0.204409     3.031379     0.014067   1.741085   0.118606
     412   0.787200   0.210100   0.002927   0.204299     3.025766     0.014038   1.739473   0.118482
     413   0.792000   0.205300  -0.000025   0.203899     3.022022     0.014070   1.738396   0.118617
     414   0.792000   0.205300   0.004964   0.204302     3.024981     0.014103   1.739247   0.118756
     415   0.796800   0.200500   0.006524   0.203964     3.018696     0.014116   1.737440   0.118811
     416   0.796800   0.200500   0.000572   0.204417     3.026106     0.014167   1.739571   0.119025
     417   0.796800   0.200500   0.007379   0.204075     3.038077     0.014182   1.743008   0.119087
     418   0.801600   0.195700   0.010414   0.203813     3.034640     0.014176   1.742022   0.119064
     419   0.801600   0.195700   0.004109   0.204148     3.043970     0.014189   1.744698   0.119119
     420   0.806400   0.190900   0.005698   0.203994     3.037777     0.014165   1.742922   0.119019
     421   0.806400   0.190900  -0.000041   0.204339     3.044362     0.014182   1.744810   0.119087
     422   0.806400   0.190900  -0.004856   0.203984     3.046885     0.014201   1.745533   0.119167
     423   0.806400   0.190900  -0.011075   0.203609     3.055962     0.014226   1.748131   0.119274
     424   0.806400   0.190900  -0.017756   0.203636     3.067592     0.014193   1.751454   0.119135
     425   0.811200   0.186100  -0.016552   0.203761     3.060986     0.014166   1.749567   0.119022
     426   0.811200   0.186100  -0.010051   0.203583     3.071723     0.014146   1.752633   0.118939
     427   0.811200   0.186100  -0.016932   0.203756     3.084653     0.014126   1.756318   0.118852
     428   0.816000   0.181300  -0.018490   0.203393     3.078480     0.014149   1.754560   0.118950
     429   0.816000   0.181300  -0.016989   0.203784     3.072266     0.014181   1.752788   0.119085
     430   0.820800   0.176500  -0.019781   0.203372     3.068459     0.014221   1.751702   0.119250
     431   0.825600   0.171700  -0.022839   0.202937     3.065351     0.014269   1.750814   0.119452
     432   0.825600   0.171700  -0.025984   0.203274     3.062507     0.014285   1.750002   0.119518
     433   0.830400   0.166900  -0.028204   0.202982     3.057559     0.014288   1.748588   0.119533
     434   0.830400   0.166900  -0.021360   0.202749     3.070750     0.014279   1.752356   0.119494
     435   0.830400   0.166900  -0.017035   0.203030     3.071789     0.014280   1.752652   0.119499
     436   0.830400   0.166900  -0.013282   0.203262     3.070857     0.014271   1.752386   0.119460
     437   0.830400   0.166900  -0.019348   0.203559     3.079838     0.014276   1.754947   0.119484
     438   0.830400   0.166900  -0.014482   0.203223     3.083130     0.014293   1.755884   0.119553
     439   0.830400   0.166900  -0.008138   0.203126     3.093692     0.014264   1.758889   0.119434
     440   0.830400   0.166900  -0.002964   0.202870     3.098390     0.014261   1.760224   0.119419
     441   0.830400   0.166900  -0.005340   0.203288     3.093843     0.014305   1.758932   0.119604
     442   0.835200   0.162100  -0.005139   0.203455     3.086861     0.014285   1.756946   0.119520
     443   0.840000   0.157300  -0.004916   0.203313     3.079915     0.014262   1.754969   0.119423
     444   0.840000   0.157300  -0.008371   0.203567     3.078254     0.014258   1.754495   0.119408
     445   0.840000   0.157300  -0.003334   0.203303     3.082577     0.014257   1.755727   0.119404
     446   0.840000   0.157300   0.003394   0.203284     3.095765     0.014225   1.759478   0.119270
     447   0.844800   0.152500   0.006280   0.203125     3.092544     0.014205   1.758563   0.119184
     448   0.849600   0.147700   0.008501   0.202889     3.087842     0.014198   1.757226   0.119155
     449   0.854400   0.142900   0.008398   0.202882     3.080969     0.014166   1.755269   0.119023
     450   0.854400   0.142900   0.002541   0.203173     3.089494     0.014173   1.757696   0.119051
     451   0.859200   0.138100   0.001756   0.203168     3.082920     0.014142   1.755825   0.118919
     452   0.859200   0.138100   0.003233   0.203432     3.077082     0.014142   1.754161   0.118919
     453   0.859200   0.138100  -0.002029   0.203630     3.082778     0.014128   1.755784   0.118862
     454   0.859200   0.138100  -0.004363   0.203906     3.078450     0.014132   1.754551   0.118877
     455   0.864000   0.133300  -0.006870   0.203460     3.074532     0.014191   1.753434   0.119126
     456   0.868800   0.128500  -0.010337   0.203248     3.073245     0.014180   1.753067   0.119081
     457   0.868800   0.128500  -0.004959   0.203504     3.079678     0.014179   1.754901   0.119076
     458   0.868800   0.128500  -0.010845   0.203210     3.088751     0.014187   1.757484   0.119111
     459   0.868800   0.128500  -0.017156   0.202808     3.100225     0.014230   1.760746   0.119291
     460   0.873600   0.123700  -0.015438   0.202578     3.094838     0.014223   1.759215   0.119262
     461   0.878400   0.118900  -0.015898   0.202523     3.088222     0.014194   1.757334   0.119139
     462   0.883200   0.114100  -0.013779   0.202531     3.083603     0.014163   1.756019   0.119010
     463   0.883200   0.114100  -0.010683   0.202934     3.081362     0.014208   1.755381   0.119196
     464   0.888000   0.109300  -0.010645   0.202532     3.074722     0.014252   1.753488   0.119380
     465   0.892800   0.104500  -0.011334   0.202238     3.068329     0.014261   1.751665   0.119419
     466   0.892800   0.104500  -0.006679   0.202423     3.071802     0.014246   1.752656   0.119357
     467   0.892800   0.104500  -0.011786   0.202053     3.077351     0.014279   1.754238   0.119496
     468   0.892800   0.104500  -0.014823   0.201973     3.075074     0.014252   1.753589   0.119381
     469   0.892800   0.104500  -0.009933   0.202285     3.079682     0.014267   1.754902   0.119444
     470   0.897600   0.099700  -0.006645   0.201961     3.078191     0.014285   1.754477   0.119522
     471   0.897600   0.099700  -0.010475   0.202222     3.078537     0.014287   1.754576   0.119528
     472   0.902400   0.094900  -0.007337   0.201867     3.076642     0.014316   1.754036   0.119650
     473   0.907200   0.090100  -0.007707   0.201604     3.070202     0.014318   1.752199   0.119659
     474   0.907200   0.090100  -0.012951   0.201480     3.076704     0.014295   1.754054   0.119563
     475   0.912000   0.085300  -0.015213   0.201425     3.072647     0.014267   1.752897   0.119443
     476   0.912000   0.085300  -0.010501   0.201392     3.076720     0.014237   1.754058   0.119320
     477   0.912000   0.085300  -0.016440   0.201647     3.087028     0.014238   1.756994   0.119324
     478   0.916800   0.080500  -0.018261   0.201426     3.082148     0.014232   1.755605   0.119297
     479   0.921600   0.075700  -0.018144   0.201162     3.075720     0.014235   1.753773   0.119312
     480   0.921600   0.075700  -0.023628   0.201293     3.083688     0.014214   1.756043   0.119222
     481   0.921600   0.075700  -0.020056   0.201674     3.083390     0.014254   1.755958   0.119389
     482   0.921600   0.075700  -0.018971   0.202061     3.077557     0.014296   1.754297   0.119566
     483   0.926400   0.070900  -0.016124   0.201662     3.075086     0.014343   1.753592   0.119763
     484   0.931200   0.066100  -0.014789   0.201617     3.069591     0.014315   1.752025   0.119643
     485   0.931200   0.066100  -0.020742   0.201764     3.080380     0.014295   1.755101   0.119563
     486   0.936000   0.061300  -0.023547   0.201391     3.077850     0.014333   1.754380   0.119722
     487   0.936000   0.061300  -0.025795   0.201641     3.073980     0.014334   1.753277   0.119726
     488   0.940800   0.056500  -0.023543   0.201676     3.070146     0.014305   1.752183   0.119605
     489   0.940800   0.056500  -0.027278   0.201723     3.070663     0.014277   1.752331   0.119487
     490   0.945600   0.051700  -0.030142   0.201591     3.068399     0.014257   1.751685   0.119401
     491   0.945600   0.051700  -0.033153   0.201652     3.066583     0.014229   1.751166   0.119287
     492   0.945600   0.051700  -0.027427   0.201495     3.076416     0.014212   1.753971   0.119216
     493   0.950400   0.046900  -0.026345   0.201447     3.070751     0.014185   1.752356   0.119100
     494   0.950400   0.046900  -0.021551   0.201841     3.075840     0.014232   1.753807   0.119300
     495   0.955200   0.042100  -0.020493   0.201778     3.070178     0.014206   1.752192   0.119187
     496   0.955200   0.042100  -0.026486   0.202077     3.081731     0.014221   1.755486   0.119252
     497   0.955200   0.042100  -0.022405   0.202168     3.083772     0.014196   1.756067   0.119149
     498   0.955200   0.042100  -0.025784   0.202543     3.083240     0.014238   1.755916   0.119322
     499   0.960000   0.037300  -0.026561   0.202399     3.077362     0.014219   1.754241   0.119245
     500   0.960000   0.037300  -0.023522   0.202399     3.075804     0.014191   1.753797   0.119126
