    iter     answer      error     mean x     mean y   variance x   variance y       sd x       sd y
       1   0.000000   0.997300  -2.001734   0.272097     0.000000     0.000000   0.000000   0.000000
       2   0.000000   0.997300  -2.288219   0.307154     0.041037     0.000614   0.202576   0.024789
       3   0.004800   0.992500  -1.403850   0.240410     1.070170     0.006349   1.034490   0.079682
       4   0.004800   0.992500  -0.714811   0.227900     1.870869     0.005114   1.367797   0.071513
       5   0.009600   0.987700  -1.023022   0.185075     1.800676     0.009960   1.341893   0.099800
       6   0.014400   0.982900  -0.899184   0.191070     1.564463     0.008450   1.250785   0.091923
       7   0.014400   0.982900  -1.076237   0.211950     1.502187     0.009485   1.225637   0.097390
       8   0.019200   0.978100  -1.185494   0.185868     1.387528     0.012466   1.177934   0.111652
       9   0.024000   0.973300  -1.155005   0.174756     1.239968     0.011959   1.113539   0.109357
      10   0.028800   0.968500  -0.820049   0.157841     2.024754     0.013081   1.422938   0.114370
      11   0.033600   0.963700  -0.712865   0.158544     1.945127     0.011896   1.394678   0.109068
      12   0.038400   0.958900  -0.549447   0.159571     2.052311     0.010915   1.432589   0.104476
      13   0.043200   0.954100  -0.480213   0.176053     1.947537     0.013085   1.395542   0.114388
      14   0.043200   0.954100  -0.635896   0.182590     2.101006     0.012666   1.449485   0.112543
      15   0.048000   0.949300  -0.595680   0.186103     1.982072     0.011983   1.407861   0.109466
      16   0.048000   0.949300  -0.629741   0.196213     1.874507     0.012671   1.369126   0.112567
      17   0.048000   0.949300  -0.466061   0.206404     2.167684     0.013490   1.472306   0.116145
      18   0.048000   0.949300  -0.282659   0.197233     2.587308     0.014091   1.608511   0.118704
      19   0.048000   0.949300  -0.114414   0.191567     2.933829     0.013896   1.712842   0.117883
      20   0.048000   0.949300  -0.052750   0.200384     2.855771     0.014605   1.689903   0.120850
      21   0.052800   0.944500  -0.092934   0.200097     2.750539     0.013911   1.658475   0.117944
      22   0.052800   0.944500  -0.193128   0.197265     2.826746     0.013439   1.681293   0.115928
      23   0.052800   0.944500  -0.059278   0.198470     3.080856     0.012885   1.755237   0.113514
      24   0.057600   0.939700  -0.002312   0.196323     3.024015     0.012450   1.738969   0.111580
      25   0.062400   0.934900  -0.023028   0.192097     2.912942     0.012364   1.706734   0.111192
      26   0.062400   0.934900   0.015189   0.197291     2.836015     0.012537   1.684047   0.111967
      27   0.067200   0.930100  -0.011900   0.190529     2.749349     0.013217   1.658116   0.114965
      28   0.067200   0.930100  -0.052431   0.195661     2.693930     0.013431   1.641320   0.115891
      29   0.067200   0.930100   0.027440   0.193574     2.773501     0.013085   1.665383   0.114392
      30   0.067200   0.930100   0.106107   0.199012     2.854533     0.013478   1.689536   0.116096
      31   0.072000   0.925300   0.092680   0.198345     2.767686     0.013056   1.663636   0.114265
      32   0.072000   0.925300   0.165251   0.197382     2.839356     0.012676   1.685039   0.112589
      33   0.076800   0.920500   0.101281   0.192721     2.880294     0.012966   1.697143   0.113869
      34   0.081600   0.915700   0.122045   0.193297     2.809388     0.012595   1.676123   0.112229
      35   0.081600   0.915700   0.186283   0.194804     2.865413     0.012311   1.692753   0.110953
      36   0.081600   0.915700   0.233931   0.192151     2.863076     0.012208   1.692063   0.110490
      37   0.086400   0.910900   0.192737   0.189339     2.845136     0.012155   1.686753   0.110251
      38   0.091200   0.906100   0.166245   0.191649     2.795548     0.012028   1.671989   0.109670
      39   0.091200   0.906100   0.112946   0.192947     2.829048     0.011782   1.681977   0.108543
      40   0.091200   0.906100   0.043959   0.189047     2.939291     0.012065   1.714436   0.109842
      41   0.091200   0.906100   0.094561   0.190816     2.967523     0.011893   1.722650   0.109055
      42   0.091200   0.906100   0.031087   0.191322     3.058120     0.011620   1.748748   0.107797
      43   0.091200   0.906100  -0.027089   0.190281     3.125839     0.011394   1.768004   0.106744
      44   0.091200   0.906100  -0.091636   0.187416     3.229880     0.011480   1.797187   0.107146
      45   0.096000   0.901300  -0.115225   0.187187     3.182043     0.011227   1.783828   0.105959
      46   0.096000   0.901300  -0.140728   0.188795     3.141501     0.011097   1.772428   0.105343
      47   0.100800   0.896500  -0.131524   0.186488     3.078475     0.011101   1.754558   0.105359
      48   0.100800   0.896500  -0.175927   0.183953     3.105073     0.011165   1.762122   0.105666
      49   0.105600   0.891700  -0.169263   0.184675     3.043792     0.010962   1.744647   0.104699
      50   0.110400   0.886900  -0.187324   0.185181     2.998580     0.010755   1.731641   0.103706
      51   0.115200   0.882100  -0.166924   0.185702     2.960185     0.010557   1.720519   0.102749
      52   0.120000   0.877300  -0.153057   0.185892     2.912877     0.010356   1.706715   0.101765
      53   0.120000   0.877300  -0.179713   0.189074     2.894168     0.010677   1.701225   0.103331
      54   0.124800   0.872500  -0.136763   0.185721     2.936529     0.011064   1.713630   0.105188
      55   0.124800   0.872500  -0.188605   0.185622     3.025627     0.010864   1.739433   0.104230
      56   0.129600   0.867700  -0.202605   0.185158     2.982185     0.010681   1.726900   0.103351
      57   0.134400   0.862900  -0.175425   0.182497     2.970512     0.010884   1.723517   0.104325
      58   0.139200   0.858100  -0.178002   0.183091     2.919668     0.010716   1.708704   0.103518
      59   0.144000   0.853300  -0.172299   0.186660     2.872037     0.011260   1.694708   0.106115
      60   0.144000   0.853300  -0.134532   0.186729     2.906918     0.011073   1.704969   0.105229
      61   0.148800   0.848500  -0.105191   0.183930     2.910073     0.011354   1.705894   0.106555
      62   0.153600   0.843700  -0.080514   0.181130     2.899682     0.011641   1.702845   0.107895
      63   0.158400   0.838900  -0.064076   0.179341     2.870142     0.011652   1.694149   0.107943
      64   0.163200   0.834100  -0.067167   0.180288     2.825889     0.011525   1.681038   0.107356
      65   0.168000   0.829300  -0.060254   0.180719     2.785425     0.011360   1.668959   0.106582
      66   0.168000   0.829300  -0.082444   0.181341     2.774743     0.011212   1.665756   0.105889
      67   0.168000   0.829300  -0.069019   0.183136     2.745046     0.011254   1.656818   0.106087
      68   0.172800   0.824500  -0.058120   0.181789     2.712519     0.011209   1.646973   0.105871
      69   0.172800   0.824500  -0.045174   0.183367     2.684439     0.011213   1.638426   0.105892
      70   0.172800   0.824500  -0.064143   0.186003     2.670562     0.011525   1.634185   0.107356
      71   0.177600   0.819700  -0.042762   0.183391     2.664497     0.011834   1.632329   0.108783
      72   0.182400   0.814900  -0.043332   0.181137     2.627513     0.012025   1.620960   0.109658
      73   0.187200   0.810100  -0.035994   0.179932     2.595343     0.011963   1.611007   0.109377
      74   0.192000   0.805300  -0.030980   0.179035     2.562082     0.011860   1.600650   0.108902
      75   0.196800   0.800500  -0.043226   0.176692     2.538870     0.012103   1.593383   0.110011
      76   0.196800   0.800500  -0.014992   0.178800     2.564462     0.012272   1.601394   0.110780
      77   0.201600   0.795700  -0.011263   0.177783     2.532200     0.012190   1.591289   0.110410
      78   0.201600   0.795700  -0.022016   0.179747     2.508525     0.012327   1.583833   0.111027
      79   0.201600   0.795700  -0.052458   0.182358     2.548141     0.012696   1.596290   0.112679
      80   0.206400   0.790900  -0.047670   0.182118     2.518078     0.012542   1.586845   0.111992
      81   0.211200   0.786100  -0.045012   0.180430     2.487549     0.012613   1.577196   0.112306
      82   0.216000   0.781300  -0.040071   0.181718     2.459166     0.012592   1.568173   0.112212
      83   0.216000   0.781300  -0.071122   0.183150     2.507645     0.012606   1.583554   0.112276
      84   0.216000   0.781300  -0.037703   0.185338     2.569381     0.012848   1.602929   0.113351
      85   0.216000   0.781300  -0.068441   0.185254     2.617584     0.012698   1.617895   0.112685
      86   0.220800   0.776500  -0.071209   0.186544     2.587791     0.012690   1.608661   0.112650
      87   0.220800   0.776500  -0.093051   0.185359     2.598602     0.012664   1.612018   0.112532
      88   0.225600   0.771700  -0.115511   0.183338     2.612460     0.012871   1.616311   0.113450
      89   0.230400   0.766900  -0.130379   0.182266     2.602343     0.012826   1.613178   0.113253
      90   0.235200   0.762100  -0.128656   0.182722     2.573689     0.012702   1.604272   0.112704
      91   0.240000   0.757300  -0.132690   0.181597     2.546855     0.012675   1.595887   0.112584
      92   0.240000   0.757300  -0.108216   0.181928     2.573090     0.012547   1.604085   0.112014
      93   0.240000   0.757300  -0.117722   0.182749     2.553647     0.012473   1.598013   0.111685
      94   0.240000   0.757300  -0.146354   0.184189     2.601909     0.012532   1.613043   0.111945
      95   0.240000   0.757300  -0.160259   0.185997     2.592503     0.012704   1.610125   0.112711
      96   0.240000   0.757300  -0.128221   0.187540     2.661989     0.012795   1.631560   0.113117
      97   0.240000   0.757300  -0.152854   0.188850     2.692193     0.012826   1.640791   0.113254
      98   0.240000   0.757300  -0.141081   0.189496     2.678029     0.012736   1.636469   0.112852
      99   0.240000   0.757300  -0.120727   0.191387     2.691167     0.012954   1.640478   0.113814
     100   0.244800   0.752500  -0.126889   0.190144     2.667978     0.012975   1.633395   0.113910
     101   0.244800   0.752500  -0.102784   0.190528     2.699095     0.012862   1.642892   0.113409
     102   0.244800   0.752500  -0.076172   0.191035     2.743457     0.012761   1.656338   0.112965
     103   0.244800   0.752500  -0.056001   0.191349     2.757921     0.012647   1.660699   0.112460
     104   0.244800   0.752500  -0.084218   0.191239     2.812626     0.012527   1.677089   0.111923
     105   0.249600   0.747700  -0.092674   0.190696     2.793205     0.012438   1.671288   0.111525
     106   0.254400   0.742900  -0.098829   0.191282     2.770794     0.012356   1.664570   0.111158
     107   0.259200   0.738100  -0.098830   0.191999     2.744898     0.012295   1.656773   0.110882
     108   0.264000   0.733300  -0.086431   0.191122     2.735778     0.012262   1.654019   0.110736
     109   0.264000   0.733300  -0.066442   0.192860     2.753437     0.012473   1.659348   0.111683
     110   0.264000   0.733300  -0.054518   0.193400     2.743762     0.012391   1.656431   0.111315
     111   0.268800   0.728500  -0.061379   0.192739     2.724174     0.012327   1.650507   0.111027
     112   0.268800   0.728500  -0.049327   0.193725     2.715829     0.012324   1.647977   0.111013
     113   0.273600   0.723700  -0.051639   0.193665     2.692389     0.012215   1.640850   0.110523
     114   0.273600   0.723700  -0.030732   0.194784     2.717735     0.012248   1.648555   0.110672
     115   0.278400   0.718900  -0.035465   0.194264     2.696634     0.012172   1.642143   0.110328
     116   0.278400   0.718900  -0.012625   0.194128     2.732860     0.012069   1.653136   0.109861
     117   0.283200   0.714100  -0.018881   0.194727     2.714004     0.012008   1.647423   0.109579
     118   0.283200   0.714100  -0.000815   0.195324     2.728865     0.011947   1.651928   0.109303
     119   0.283200   0.714100   0.006733   0.197020     2.712600     0.012183   1.646997   0.110378
     120   0.288000   0.709300   0.006170   0.198539     2.690032     0.012354   1.640132   0.111149
     121   0.288000   0.709300  -0.012830   0.198755     2.710761     0.012258   1.646439   0.110714
     122   0.288000   0.709300  -0.030986   0.197869     2.728102     0.012251   1.651697   0.110686
     123   0.292800   0.704500  -0.018636   0.197315     2.724378     0.012189   1.650569   0.110403
     124   0.292800   0.704500   0.002957   0.197810     2.759295     0.012120   1.661113   0.110093
     125   0.297600   0.699700   0.007775   0.197293     2.740076     0.012056   1.655318   0.109802
     126   0.302400   0.694900   0.011977   0.195796     2.720519     0.012239   1.649400   0.110628
     127   0.302400   0.694900   0.034298   0.194422     2.761383     0.012378   1.661741   0.111258
     128   0.302400   0.694900   0.026191   0.195618     2.748092     0.012462   1.657737   0.111633
     129   0.307200   0.690100   0.035319   0.195539     2.737372     0.012366   1.654501   0.111203
     130   0.307200   0.690100   0.023085   0.196198     2.735476     0.012327   1.653927   0.111026
     131   0.307200   0.690100   0.005323   0.195045     2.755295     0.012404   1.659908   0.111373
     132   0.312000   0.685300  -0.007729   0.193740     2.756568     0.012532   1.660292   0.111945
     133   0.312000   0.685300  -0.022705   0.193629     2.765224     0.012439   1.662896   0.111531
     134   0.316800   0.680500  -0.024497   0.192401     2.745012     0.012545   1.656808   0.112006
     135   0.316800   0.680500  -0.004333   0.191495     2.778759     0.012562   1.666961   0.112079
     136   0.316800   0.680500  -0.014754   0.191858     2.772881     0.012487   1.665197   0.111746
     137   0.321600   0.675700  -0.017905   0.190674     2.753981     0.012585   1.659512   0.112184
     138   0.321600   0.675700   0.003908   0.192014     2.798735     0.012738   1.672942   0.112864
     139   0.321600   0.675700  -0.013892   0.190834     2.822011     0.012837   1.679884   0.113301
     140   0.321600   0.675700  -0.027545   0.190657     2.827579     0.012750   1.681541   0.112915
     141   0.321600   0.675700  -0.014654   0.192087     2.830625     0.012944   1.682446   0.113771
     142   0.326400   0.670900  -0.012172   0.193298     2.811554     0.013058   1.676769   0.114271
     143   0.326400   0.670900  -0.025219   0.194125     2.815894     0.013063   1.678063   0.114294
     144   0.326400   0.670900  -0.043385   0.193884     2.843204     0.012981   1.686180   0.113932
     145   0.326400   0.670900  -0.033162   0.193765     2.838542     0.012893   1.684797   0.113548
     146   0.331200   0.666100  -0.030865   0.193264     2.819859     0.012841   1.679244   0.113318
     147   0.331200   0.666100  -0.049952   0.194304     2.853499     0.012910   1.689230   0.113624
     148   0.336000   0.661300  -0.053890   0.194941     2.836483     0.012882   1.684186   0.113501
     149   0.340800   0.656500  -0.065923   0.193854     2.838733     0.012970   1.684854   0.113885
     150   0.345600   0.651700  -0.071689   0.193169     2.824728     0.012953   1.680693   0.113810
     151   0.350400   0.646900  -0.079269   0.192244     2.814583     0.012994   1.677672   0.113993
     152   0.355200   0.642100  -0.076633   0.192242     2.797109     0.012909   1.672456   0.113617
     153   0.355200   0.642100  -0.063942   0.192137     2.803148     0.012826   1.674260   0.113253
     154   0.360000   0.637300  -0.069405   0.191629     2.789482     0.012782   1.670174   0.113058
     155   0.364800   0.632500  -0.060172   0.190835     2.784528     0.012796   1.668691   0.113120
     156   0.364800   0.632500  -0.074882   0.191434     2.800003     0.012769   1.673321   0.113001
     157   0.364800   0.632500  -0.065806   0.192625     2.794935     0.012908   1.671806   0.113613
     158   0.364800   0.632500  -0.054346   0.193108     2.797736     0.012863   1.672643   0.113413
     159   0.364800   0.632500  -0.038005   0.193668     2.822063     0.012831   1.679900   0.113274
     160   0.369600   0.627700  -0.037178   0.192760     2.804534     0.012881   1.674674   0.113494
     161   0.374400   0.622900  -0.036276   0.193121     2.787243     0.012822   1.669504   0.113233
     162   0.379200   0.618100  -0.030151   0.193293     2.776042     0.012747   1.666146   0.112904
     163   0.379200   0.618100  -0.041122   0.193580     2.778392     0.012682   1.666851   0.112615
     164   0.384000   0.613300  -0.035997   0.192683     2.765706     0.012735   1.663041   0.112849
     165   0.388800   0.608500  -0.025737   0.191928     2.766104     0.012751   1.663161   0.112920
     166   0.393600   0.603700  -0.031586   0.192184     2.755051     0.012685   1.659835   0.112627
     167   0.393600   0.603700  -0.044706   0.191388     2.766959     0.012713   1.663418   0.112754
     168   0.393600   0.603700  -0.032455   0.191635     2.775406     0.012648   1.665955   0.112463
     169   0.393600   0.603700  -0.030999   0.192832     2.759337     0.012812   1.661125   0.113191
     170   0.393600   0.603700  -0.021179   0.193122     2.759310     0.012751   1.661117   0.112920
     171   0.398400   0.598900  -0.017073   0.192334     2.746023     0.012781   1.657113   0.113054
     172   0.403200   0.594100  -0.015432   0.192948     2.730515     0.012771   1.652427   0.113009
     173   0.408000   0.589300  -0.020086   0.192858     2.718435     0.012699   1.648768   0.112688
     174   0.412800   0.584500  -0.013908   0.192356     2.709376     0.012669   1.646018   0.112556
     175   0.412800   0.584500  -0.019201   0.193088     2.698741     0.012689   1.642785   0.112647
     176   0.417600   0.579700  -0.018274   0.192278     2.683557     0.012731   1.638157   0.112833
     177   0.422400   0.574900  -0.016480   0.193150     2.668959     0.012792   1.633695   0.113103
     178   0.427200   0.570100  -0.013111   0.192309     2.655963     0.012845   1.629712   0.113335
     179   0.432000   0.565300  -0.019125   0.191545     2.647526     0.012876   1.627122   0.113474
     180   0.436800   0.560500  -0.019951   0.191603     2.632939     0.012805   1.622633   0.113161
     181   0.436800   0.560500  -0.033032   0.190704     2.649024     0.012879   1.627582   0.113487
     182   0.441600   0.555700  -0.026660   0.190207     2.641778     0.012853   1.625355   0.113371
     183   0.441600   0.555700  -0.036364   0.190790     2.644389     0.012844   1.626158   0.113333
     184   0.441600   0.555700  -0.029649   0.191434     2.638225     0.012850   1.624261   0.113357
     185   0.446400   0.550900  -0.027546   0.190588     2.624774     0.012911   1.620115   0.113627
     186   0.451200   0.546100  -0.028320   0.190394     2.610772     0.012849   1.615788   0.113352
     187   0.451200   0.546100  -0.016371   0.191044     2.623225     0.012858   1.619637   0.113395
     188   0.456000   0.541300  -0.017152   0.191330     2.609385     0.012805   1.615359   0.113159
     189   0.460800   0.536500  -0.017056   0.191094     2.595581     0.012748   1.611081   0.112906
     190   0.460800   0.536500  -0.020425   0.191902     2.584055     0.012803   1.607500   0.113152
     191   0.465600   0.531700  -0.015015   0.190974     2.576057     0.012899   1.605010   0.113575
     192   0.465600   0.531700  -0.001289   0.191732     2.598440     0.012941   1.611968   0.113759
     193   0.470400   0.526900   0.009345   0.190979     2.606574     0.012982   1.614489   0.113941
     194   0.475200   0.522100   0.021778   0.190015     2.622821     0.013094   1.619513   0.114430
     195   0.475200   0.522100   0.006748   0.189492     2.652975     0.013080   1.628795   0.114367
     196   0.475200   0.522100  -0.005845   0.189855     2.670201     0.013039   1.634075   0.114187
     197   0.480000   0.517300  -0.012745   0.189019     2.665933     0.013109   1.632769   0.114494
     198   0.480000   0.517300  -0.001309   0.189109     2.678105     0.013044   1.636492   0.114211
     199   0.480000   0.517300   0.012195   0.190055     2.700573     0.013155   1.643342   0.114695
     200   0.484800   0.512500   0.015959   0.189633     2.689875     0.013124   1.640084   0.114562
     201   0.484800   0.512500   0.004416   0.189028     2.703007     0.013132   1.644082   0.114595
     202   0.489600   0.507700   0.008550   0.189179     2.693043     0.013071   1.641050   0.114330
     203   0.494400   0.502900   0.014503   0.188897     2.686902     0.013023   1.639177   0.114119
     204   0.499200   0.498100   0.021974   0.188529     2.685004     0.012987   1.638598   0.113958
     205   0.499200   0.498100   0.016324   0.189258     2.678386     0.013031   1.636578   0.114155
     206   0.504000   0.493300   0.022651   0.188931     2.673552     0.012990   1.635100   0.113973
     207   0.504000   0.493300   0.013930   0.188947     2.676229     0.012927   1.635918   0.113698
     208   0.504000   0.493300  -0.000002   0.188164     2.703347     0.012991   1.644186   0.113980
     209   0.504000   0.493300  -0.006081   0.188273     2.698064     0.012932   1.642578   0.113718
     210   0.504000   0.493300  -0.019700   0.188278     2.723798     0.012870   1.650393   0.113447
     211   0.508800   0.488500  -0.016277   0.187492     2.713339     0.012938   1.647222   0.113746
     212   0.508800   0.488500  -0.006764   0.188430     2.719543     0.013062   1.649104   0.114288
     213   0.508800   0.488500  -0.014237   0.189101     2.718557     0.013096   1.648805   0.114437
     214   0.508800   0.488500  -0.020657   0.189598     2.714593     0.013087   1.647602   0.114398
     215   0.508800   0.488500  -0.007749   0.188878     2.737457     0.013136   1.654526   0.114614
     216   0.508800   0.488500   0.000750   0.189236     2.740242     0.013103   1.655368   0.114469
     217   0.508800   0.488500  -0.007735   0.189409     2.743092     0.013049   1.656228   0.114233
     218   0.508800   0.488500  -0.005161   0.190320     2.731939     0.013169   1.652858   0.114754
     219   0.508800   0.488500  -0.017858   0.189875     2.754447     0.013151   1.659653   0.114680
     220   0.508800   0.488500  -0.008025   0.189677     2.763006     0.013100   1.662229   0.114456
     221   0.508800   0.488500   0.003711   0.189745     2.780668     0.013042   1.667534   0.114201
     222   0.513600   0.483700   0.006970   0.188993     2.770479     0.013108   1.664475   0.114488
     223   0.518400   0.478900   0.006669   0.188749     2.758075     0.013062   1.660745   0.114289
     224   0.518400   0.478900  -0.005213   0.189246     2.777108     0.013058   1.666466   0.114274
     225   0.518400   0.478900   0.005011   0.188710     2.788074     0.013065   1.669753   0.114301
     226   0.523200   0.474100   0.010566   0.188265     2.782650     0.013051   1.668128   0.114242
     227   0.523200   0.474100   0.021036   0.188932     2.795058     0.013094   1.671843   0.114427
     228   0.523200   0.474100   0.010417   0.188908     2.808282     0.013036   1.675793   0.114177
     229   0.523200   0.474100   0.000871   0.189716     2.816709     0.013128   1.678305   0.114576
     230   0.528000   0.469300  -0.002083   0.189247     2.806452     0.013121   1.675247   0.114546
     231   0.528000   0.469300  -0.008958   0.188965     2.805127     0.013082   1.674851   0.114378
     232   0.528000   0.469300  -0.003310   0.189597     2.800374     0.013118   1.673432   0.114533
     233   0.528000   0.469300  -0.005988   0.190318     2.790011     0.013181   1.670333   0.114810
     234   0.528000   0.469300   0.006667   0.190869     2.815238     0.013195   1.677867   0.114872
     235   0.532800   0.464500  -0.002993   0.190167     2.824997     0.013254   1.680773   0.115126
     236   0.532800   0.464500  -0.013520   0.190015     2.838959     0.013203   1.684921   0.114906
     237   0.537600   0.459700  -0.013294   0.190421     2.826993     0.013186   1.681366   0.114832
     238   0.537600   0.459700  -0.004705   0.190613     2.832524     0.013140   1.683010   0.114628
     239   0.542400   0.454900  -0.000518   0.190158     2.824826     0.013134   1.680722   0.114603
     240   0.542400   0.454900   0.009379   0.190207     2.836371     0.013080   1.684153   0.114366
     241   0.547200   0.450100   0.005586   0.190068     2.828041     0.013030   1.681678   0.114149
     242   0.552000   0.445300   0.006593   0.189852     2.816599     0.012987   1.678273   0.113962
     243   0.556800   0.440500  -0.004259   0.189084     2.833391     0.013076   1.683268   0.114351
     244   0.561600   0.435700  -0.000548   0.189205     2.825112     0.013026   1.680807   0.114132
     245   0.561600   0.435700   0.005425   0.189271     2.822248     0.012974   1.679955   0.113904
     246   0.561600   0.435700  -0.006568   0.189312     2.845868     0.012922   1.686970   0.113674
     247   0.566400   0.430900  -0.011596   0.188669     2.840541     0.012971   1.685391   0.113889
     248   0.566400   0.430900  -0.023150   0.188850     2.861927     0.012927   1.691723   0.113695
     249   0.566400   0.430900  -0.019837   0.189670     2.853146     0.013040   1.689126   0.114195
     250   0.566400   0.430900  -0.025437   0.190219     2.849512     0.013063   1.688050   0.114294
     251   0.571200   0.426100  -0.014819   0.189476     2.866236     0.013148   1.692996   0.114666
     252   0.571200   0.426100  -0.007538   0.189830     2.868114     0.013127   1.693551   0.114575
     253   0.576000   0.421300  -0.004034   0.189336     2.859860     0.013137   1.691112   0.114616
     254   0.576000   0.421300  -0.006630   0.190113     2.850298     0.013237   1.688283   0.115052
     255   0.580800   0.416500  -0.003612   0.189515     2.841425     0.013276   1.685653   0.115219
     256   0.585600   0.411700   0.003973   0.188823     2.844936     0.013345   1.686694   0.115521
     257   0.590400   0.406900   0.002969   0.188258     2.834123     0.013375   1.683485   0.115649
     258   0.595200   0.402100   0.004971   0.188353     2.824163     0.013325   1.680525   0.115435
     259   0.595200   0.402100  -0.006004   0.188094     2.844217     0.013291   1.686481   0.115286
     260   0.595200   0.402100  -0.015529   0.188177     2.856685     0.013242   1.690173   0.115072
     261   0.600000   0.397300  -0.010964   0.187530     2.851137     0.013299   1.688531   0.115323
     262   0.604800   0.392500  -0.016920   0.186857     2.849480     0.013366   1.688040   0.115612
     263   0.604800   0.392500  -0.009902   0.187458     2.851502     0.013410   1.688639   0.115800
     264   0.609600   0.387700  -0.005749   0.187015     2.845221     0.013410   1.686778   0.115802
     265   0.609600   0.387700  -0.012708   0.187594     2.847221     0.013448   1.687371   0.115964
     266   0.614400   0.382900  -0.006377   0.186988     2.847099     0.013494   1.687335   0.116164
     267   0.614400   0.382900  -0.014792   0.187535     2.855199     0.013523   1.689733   0.116287
     268   0.614400   0.382900  -0.008411   0.187225     2.855374     0.013498   1.689785   0.116180
     269   0.619200   0.378100  -0.009376   0.187285     2.845007     0.013448   1.686715   0.115968
     270   0.619200   0.378100  -0.013120   0.188042     2.838228     0.013552   1.684704   0.116414
     271   0.624000   0.373300  -0.013509   0.188616     2.827795     0.013591   1.681605   0.116581
     272   0.628800   0.368500  -0.013217   0.187974     2.817422     0.013652   1.678518   0.116843
     273   0.628800   0.368500  -0.006739   0.187609     2.818476     0.013638   1.678832   0.116784
     274   0.628800   0.368500  -0.011801   0.187888     2.815159     0.013610   1.677844   0.116661
     275   0.628800   0.368500  -0.015998   0.188571     2.809730     0.013688   1.676225   0.116995
     276   0.628800   0.368500  -0.026712   0.188437     2.831005     0.013643   1.682559   0.116804
     277   0.633600   0.363700  -0.024680   0.188437     2.821921     0.013594   1.679858   0.116593
     278   0.638400   0.358900  -0.027097   0.188078     2.813384     0.013581   1.677314   0.116536
     279   0.643200   0.354100  -0.024291   0.188195     2.805482     0.013536   1.674957   0.116343
     280   0.643200   0.354100  -0.033148   0.188535     2.817276     0.013520   1.678474   0.116274
     281   0.643200   0.354100  -0.023500   0.188485     2.833226     0.013472   1.683219   0.116070
     282   0.643200   0.354100  -0.031069   0.189022     2.839220     0.013505   1.684999   0.116211
     283   0.643200   0.354100  -0.023512   0.188558     2.845233     0.013518   1.686782   0.116266
     284   0.648000   0.349300  -0.019228   0.187922     2.840389     0.013584   1.685345   0.116551
     285   0.648000   0.349300  -0.008844   0.187383     2.860939     0.013619   1.691431   0.116699
     286   0.652800   0.344500  -0.007816   0.187684     2.851236     0.013597   1.688560   0.116605
     287   0.652800   0.344500  -0.017478   0.187136     2.867907     0.013635   1.693490   0.116770
     288   0.657600   0.339700  -0.016533   0.187275     2.858205     0.013593   1.690623   0.116591
     289   0.662400   0.334900  -0.014500   0.186711     2.849501     0.013638   1.688047   0.116781
     290   0.667200   0.330100  -0.015989   0.187252     2.840314     0.013675   1.685323   0.116941
     291   0.667200   0.330100  -0.022133   0.187099     2.841464     0.013635   1.685664   0.116769
     292   0.672000   0.325300  -0.019540   0.186586     2.833683     0.013665   1.683355   0.116895
     293   0.672000   0.325300  -0.014855   0.186840     2.830400     0.013637   1.682379   0.116776
     294   0.672000   0.325300  -0.024634   0.186613     2.848696     0.013605   1.687808   0.116642
     295   0.672000   0.325300  -0.022125   0.187149     2.840884     0.013643   1.685492   0.116805
     296   0.672000   0.325300  -0.031369   0.187006     2.856412     0.013603   1.690092   0.116633
     297   0.676800   0.320500  -0.024197   0.186472     2.861970     0.013642   1.691736   0.116797
     298   0.676800   0.320500  -0.021586   0.186993     2.854384     0.013676   1.689492   0.116945
     299   0.676800   0.320500  -0.027416   0.187369     2.854934     0.013672   1.689655   0.116929
     300   0.676800   0.320500  -0.017384   0.187607     2.875409     0.013644   1.695703   0.116806
     301   0.676800   0.320500  -0.009143   0.187656     2.886164     0.013599   1.698871   0.116615
     302   0.681600   0.315700  -0.009814   0.188191     2.876742     0.013640   1.696096   0.116790
     303   0.681600   0.315700  -0.014599   0.188511     2.874139     0.013626   1.695329   0.116729
     304   0.681600   0.315700  -0.008405   0.188982     2.876271     0.013648   1.695957   0.116824
     305   0.686400   0.310900  -0.011536   0.188601     2.869811     0.013647   1.694052   0.116821
     306   0.686400   0.310900  -0.005239   0.189053     2.872489     0.013665   1.694842   0.116896
     307   0.691200   0.306100  -0.005092   0.189545     2.863139     0.013694   1.692081   0.117021
     308   0.696000   0.301300  -0.007844   0.189665     2.856161     0.013654   1.690018   0.116850
     309   0.700800   0.296500  -0.008393   0.190218     2.847010     0.013704   1.687309   0.117063
     310   0.705600   0.291700  -0.011157   0.190266     2.840180     0.013660   1.685283   0.116877
     311   0.705600   0.291700  -0.004420   0.190865     2.845073     0.013727   1.686735   0.117163
     312   0.710400   0.286900  -0.000974   0.190313     2.839636     0.013777   1.685122   0.117378
     313   0.715200   0.282100   0.001005   0.190138     2.831782     0.013743   1.682790   0.117231
     314   0.715200   0.282100  -0.005960   0.189833     2.837901     0.013728   1.684607   0.117167
     315   0.715200   0.282100  -0.012192   0.189688     2.841048     0.013691   1.685541   0.117010
     316   0.720000   0.277300  -0.006504   0.189152     2.842216     0.013738   1.685887   0.117210
     317   0.724800   0.272500  -0.005623   0.189575     2.833495     0.013752   1.683299   0.117267
     318   0.724800   0.272500   0.003670   0.189195     2.851875     0.013754   1.688750   0.117278
     319   0.729600   0.267700   0.006314   0.188886     2.845151     0.013741   1.686758   0.117223
     320   0.729600   0.267700   0.000820   0.188840     2.845858     0.013699   1.686967   0.117042
     321   0.734400   0.262900   0.003030   0.188303     2.838549     0.013748   1.684799   0.117253
     322   0.739200   0.258100   0.005020   0.188304     2.831001     0.013706   1.682558   0.117071
     323   0.739200   0.258100   0.009357   0.188692     2.828274     0.013712   1.681747   0.117096
     324   0.739200   0.258100   0.016560   0.188283     2.836251     0.013723   1.684117   0.117146
     325   0.744000   0.253300   0.011340   0.187977     2.836323     0.013711   1.684139   0.117094
     326   0.748800   0.248500   0.010895   0.187497     2.827687     0.013744   1.681573   0.117234
     327   0.748800   0.248500   0.006524   0.187709     2.825248     0.013716   1.680847   0.117117
     328   0.748800   0.248500  -0.000075   0.187793     2.830828     0.013677   1.682507   0.116948
     329   0.748800   0.248500   0.007289   0.188035     2.839957     0.013654   1.685217   0.116852
     330   0.753600   0.243700   0.007089   0.188161     2.831364     0.013618   1.682666   0.116697
     331   0.753600   0.243700   0.011814   0.188331     2.830155     0.013587   1.682307   0.116562
     332   0.753600   0.243700   0.015752   0.188940     2.826748     0.013668   1.681294   0.116912
     333   0.753600   0.243700   0.022106   0.188692     2.831624     0.013648   1.682743   0.116823
     334   0.753600   0.243700   0.016002   0.188892     2.835515     0.013620   1.683899   0.116705
     335   0.758400   0.238900   0.017012   0.188565     2.827390     0.013615   1.681484   0.116683
     336   0.758400   0.238900   0.025249   0.188653     2.841637     0.013577   1.685716   0.116520
     337   0.758400   0.238900   0.031396   0.188805     2.845865     0.013544   1.686969   0.116380
     338   0.758400   0.238900   0.039990   0.188972     2.862263     0.013514   1.691822   0.116249
     339   0.763200   0.234100   0.035512   0.188762     2.860577     0.013489   1.691324   0.116141
     340   0.763200   0.234100   0.040654   0.189100     2.861100     0.013488   1.691479   0.116137
     341   0.763200   0.234100   0.047294   0.189021     2.867656     0.013450   1.693416   0.115975
     342   0.768000   0.229300   0.046914   0.188649     2.859320     0.013458   1.690952   0.116009
     343   0.768000   0.229300   0.050735   0.189046     2.855962     0.013473   1.689959   0.116071
     344   0.768000   0.229300   0.053932   0.189249     2.851156     0.013447   1.688537   0.115963
     345   0.768000   0.229300   0.050461   0.189512     2.847025     0.013432   1.687313   0.115897
     346   0.768000   0.229300   0.058879   0.190106     2.863175     0.013515   1.692092   0.116253
     347   0.768000   0.229300   0.053056   0.190651     2.866623     0.013579   1.693110   0.116527
     348   0.768000   0.229300   0.058399   0.190952     2.868266     0.013571   1.693595   0.116493
     349   0.772800   0.224500   0.049793   0.190406     2.885747     0.013635   1.698749   0.116770
     350   0.772800   0.224500   0.043879   0.190428     2.889674     0.013597   1.699904   0.116604
     351   0.777600   0.219700   0.041400   0.190457     2.883586     0.013558   1.698112   0.116439
     352   0.777600   0.219700   0.049702   0.190713     2.899514     0.013542   1.702796   0.116372
     353   0.782400   0.214900   0.049092   0.190251     2.891430     0.013579   1.700421   0.116528
     354   0.782400   0.214900   0.042490   0.190828     2.898609     0.013657   1.702530   0.116864
     355   0.782400   0.214900   0.047318   0.191253     2.898673     0.013683   1.702549   0.116973
     356   0.787200   0.210100   0.048526   0.191171     2.891047     0.013647   1.700308   0.116819
     357   0.792000   0.205300   0.054454   0.190714     2.895428     0.013683   1.701596   0.116973
     358   0.792000   0.205300   0.049451   0.190469     2.896251     0.013666   1.701838   0.116902
     359   0.792000   0.205300   0.053384   0.191042     2.893707     0.013745   1.701090   0.117241
     360   0.792000   0.205300   0.045822   0.191584     2.906142     0.013812   1.704741   0.117525
     361   0.796800   0.200500   0.044797   0.192067     2.898469     0.013858   1.702489   0.117719
     362   0.796800   0.200500   0.038822   0.192201     2.903314     0.013826   1.703911   0.117584
     363   0.796800   0.200500   0.033121   0.191995     2.907052     0.013803   1.705008   0.117488
     364   0.796800   0.200500   0.038119   0.192113     2.908108     0.013771   1.705317   0.117348
     365   0.796800   0.200500   0.034335   0.192337     2.905337     0.013751   1.704505   0.117265
     366   0.796800   0.200500   0.027445   0.192794     2.914682     0.013789   1.707244   0.117428
     367   0.801600   0.195700   0.023964   0.192355     2.911161     0.013822   1.706212   0.117566
     368   0.801600   0.195700   0.020292   0.192826     2.908186     0.013865   1.705340   0.117751
     369   0.801600   0.195700   0.018270   0.193368     2.901806     0.013936   1.703469   0.118050
     370   0.801600   0.195700   0.023296   0.193462     2.903260     0.013901   1.703896   0.117904
     371   0.806400   0.190900   0.019671   0.193080     2.900284     0.013918   1.703022   0.117973
     372   0.806400   0.190900   0.024881   0.193590     2.902530     0.013976   1.703681   0.118222
     373   0.806400   0.190900   0.018027   0.193650     2.912175     0.013940   1.706510   0.118069
     374   0.806400   0.190900   0.024727   0.193540     2.921086     0.013908   1.709119   0.117930
     375   0.806400   0.190900   0.032363   0.193634     2.935043     0.013874   1.713197   0.117787
     376   0.806400   0.190900   0.028269   0.193837     2.933505     0.013852   1.712748   0.117696
     377   0.806400   0.190900   0.022758   0.194311     2.937115     0.013900   1.713801   0.117897
     378   0.811200   0.186100   0.019190   0.193982     2.934132     0.013904   1.712931   0.117914
     379   0.811200   0.186100   0.015240   0.194030     2.932272     0.013868   1.712388   0.117762
     380   0.811200   0.186100   0.008658   0.193579     2.940931     0.013908   1.714914   0.117934
     381   0.816000   0.181300   0.006449   0.193344     2.935060     0.013893   1.713202   0.117867
     382   0.816000   0.181300   0.000374   0.193188     2.941405     0.013866   1.715052   0.117752
     383   0.816000   0.181300  -0.006347   0.193582     2.950934     0.013889   1.717828   0.117850
     384   0.820800   0.176500  -0.010667   0.193079     2.950378     0.013949   1.717666   0.118107
     385   0.825600   0.171700  -0.009828   0.193524     2.942984     0.013989   1.715513   0.118273
     386   0.825600   0.171700  -0.013920   0.193892     2.941792     0.014004   1.715165   0.118340
     387   0.825600   0.171700  -0.008044   0.193516     2.947485     0.014023   1.716824   0.118418
     388   0.825600   0.171700  -0.000483   0.193092     2.961957     0.014056   1.721034   0.118558
     389   0.830400   0.166900  -0.000957   0.193361     2.954430     0.014048   1.718845   0.118524
     390   0.835200   0.162100  -0.003396   0.193391     2.949163     0.014012   1.717313   0.118374
     391   0.840000   0.157300  -0.003200   0.193900     2.941635     0.014077   1.715120   0.118647
     392   0.840000   0.157300   0.002152   0.193923     2.945300     0.014041   1.716188   0.118497
     393   0.840000   0.157300  -0.005092   0.193759     2.958322     0.014016   1.719977   0.118390
     394   0.840000   0.157300  -0.008288   0.194204     2.954817     0.014058   1.718958   0.118567
     395   0.840000   0.157300  -0.002209   0.194065     2.961860     0.014030   1.721005   0.118449
     396   0.844800   0.152500   0.001125   0.193813     2.958759     0.014020   1.720104   0.118405
     397   0.849600   0.147700   0.001016   0.193753     2.951311     0.013986   1.717938   0.118262
     398   0.849600   0.147700  -0.002098   0.193867     2.947738     0.013956   1.716898   0.118135
     399   0.849600   0.147700  -0.006107   0.193695     2.946730     0.013933   1.716604   0.118037
     400   0.849600   0.147700  -0.000639   0.193976     2.951265     0.013929   1.717925   0.118022
     401   0.849600   0.147700  -0.001875   0.194393     2.944516     0.013964   1.715959   0.118169
     402   0.854400   0.142900  -0.002426   0.194831     2.937313     0.014006   1.713859   0.118347
     403   0.859200   0.138100  -0.002033   0.194659     2.930086     0.013983   1.711749   0.118250
     404   0.859200   0.138100  -0.005552   0.194849     2.927812     0.013963   1.711085   0.118165
     405   0.859200   0.138100  -0.012850   0.194707     2.942046     0.013937   1.715239   0.118054
     406   0.864000   0.133300  -0.015785   0.194554     2.938281     0.013912   1.714141   0.117949
     407   0.864000   0.133300  -0.020481   0.194896     2.939994     0.013925   1.714641   0.118005
     408   0.864000   0.133300  -0.014765   0.195025     2.946057     0.013898   1.716408   0.117889
     409   0.868800   0.128500  -0.015722   0.195328     2.939227     0.013901   1.714417   0.117903
     410   0.873600   0.123700  -0.014712   0.195161     2.932475     0.013878   1.712447   0.117807
     411   0.873600   0.123700  -0.008933   0.195355     2.938997     0.013860   1.714350   0.117729
     412   0.873600   0.123700  -0.002574   0.195286     2.948441     0.013828   1.717102   0.117594
     413   0.878400   0.118900  -0.002903   0.194884     2.941346     0.013861   1.715035   0.117734
     414   0.883200   0.114100  -0.000211   0.194717     2.937226     0.013839   1.713834   0.117641
     415   0.883200   0.114100  -0.005992   0.194570     2.943948     0.013815   1.715794   0.117537
     416   0.883200   0.114100  -0.012074   0.194985     2.952184     0.013853   1.718192   0.117699
     417   0.883200   0.114100  -0.005449   0.195171     2.963317     0.013834   1.721429   0.117619
     418   0.883200   0.114100  -0.011838   0.195481     2.973209     0.013841   1.724299   0.117648
     419   0.883200   0.114100  -0.007449   0.195699     2.974144     0.013828   1.724571   0.117592
     420   0.883200   0.114100  -0.014441   0.196120     2.987497     0.013869   1.728438   0.117766
     421   0.883200   0.114100  -0.019589   0.196118     2.991504     0.013836   1.729597   0.117626
     422   0.883200   0.114100  -0.025420   0.196188     2.998698     0.013805   1.731675   0.117496
     423   0.883200   0.114100  -0.021179   0.196319     2.999180     0.013780   1.731814   0.117387
     424   0.888000   0.109300  -0.019743   0.196293     2.992977     0.013748   1.730022   0.117250
     425   0.888000   0.109300  -0.014716   0.196763     2.996626     0.013809   1.731077   0.117510
     426   0.888000   0.109300  -0.008389   0.196438     3.006565     0.013821   1.733945   0.117562
     427   0.888000   0.109300  -0.001897   0.196689     3.017434     0.013815   1.737076   0.117539
     428   0.888000   0.109300   0.003129   0.196940     3.021147     0.013810   1.738145   0.117516
     429   0.888000   0.109300   0.008087   0.196657     3.024598     0.013812   1.739137   0.117524
     430   0.892800   0.104500   0.005751   0.196385     3.019897     0.013811   1.737785   0.117522
     431   0.892800   0.104500  -0.000161   0.196813     3.027886     0.013858   1.740082   0.117720
     432   0.897600   0.099700  -0.001389   0.196601     3.021526     0.013845   1.738254   0.117666
     433   0.902400   0.094900  -0.000946   0.196810     3.014633     0.013832   1.736270   0.117610
     434   0.907200   0.090100   0.001796   0.196604     3.010935     0.013819   1.735205   0.117552
     435   0.912000   0.085300   0.002095   0.196961     3.004052     0.013842   1.733220   0.117651
     436   0.916800   0.080500   0.002645   0.197034     2.997293     0.013812   1.731269   0.117526
     437   0.916800   0.080500   0.009238   0.196739     3.009341     0.013819   1.734745   0.117552
     438   0.921600   0.075700   0.010353   0.196412     3.003013     0.013834   1.732920   0.117616
     439   0.921600   0.075700   0.016157   0.196753     3.010894     0.013853   1.735193   0.117699
     440   0.921600   0.075700   0.010080   0.197202     3.020230     0.013910   1.737881   0.117939
     441   0.921600   0.075700   0.004280   0.197402     3.028150     0.013896   1.740158   0.117880
     442   0.921600   0.075700  -0.001488   0.197836     3.035935     0.013947   1.742393   0.118098
     443   0.926400   0.070900  -0.002858   0.197881     3.029910     0.013917   1.740664   0.117969
     444   0.931200   0.066100  -0.006143   0.197720     3.027854     0.013897   1.740073   0.117884
     445   0.936000   0.061300  -0.007154   0.198054     3.021503     0.013915   1.738247   0.117961
     446   0.936000   0.061300  -0.009503   0.198209     3.017178     0.013894   1.737003   0.117874
     447   0.940800   0.056500  -0.010163   0.198089     3.010622     0.013870   1.735115   0.117769
     448   0.940800   0.056500  -0.014027   0.197926     3.010559     0.013850   1.735096   0.117688
     449   0.940800   0.056500  -0.017756   0.198109     3.010071     0.013835   1.734956   0.117621
     450   0.940800   0.056500  -0.011659   0.197991     3.020035     0.013810   1.737825   0.117517
     451   0.945600   0.051700  -0.010022   0.197847     3.014542     0.013789   1.736244   0.117426
     452   0.945600   0.051700  -0.005617   0.198054     3.016607     0.013778   1.736838   0.117378
     453   0.945600   0.051700  -0.009905   0.198335     3.018240     0.013783   1.737308   0.117400
     454   0.950400   0.046900  -0.008949   0.198570     3.012005     0.013777   1.735513   0.117377
     455   0.950400   0.046900  -0.004692   0.198597     3.013596     0.013747   1.735971   0.117249
     456   0.955200   0.042100  -0.006159   0.198616     3.007965     0.013717   1.734348   0.117121
     457   0.955200   0.042100  -0.011415   0.198991     3.013953     0.013751   1.736074   0.117265
     458   0.955200   0.042100  -0.014911   0.198839     3.012946     0.013732   1.735784   0.117182
     459   0.955200   0.042100  -0.011246   0.199120     3.012519     0.013738   1.735661   0.117208
     460   0.955200   0.042100  -0.017202   0.199208     3.022216     0.013711   1.738452   0.117096
     461   0.955200   0.042100  -0.021465   0.199210     3.024000     0.013682   1.738965   0.116969
     462   0.955200   0.042100  -0.026392   0.198968     3.028620     0.013679   1.740293   0.116957
     463   0.955200   0.042100  -0.022885   0.199167     3.027747     0.013668   1.740042   0.116908
     464   0.955200   0.042100  -0.019147   0.199283     3.027676     0.013644   1.740022   0.116809
     465   0.955200   0.042100  -0.017207   0.199675     3.022908     0.013686   1.738651   0.116989
     466   0.960000   0.037300  -0.013942   0.199430     3.021370     0.013685   1.738209   0.116982
     467   0.960000   0.037300  -0.009646   0.199548     3.023481     0.013662   1.738816   0.116885
     468   0.960000   0.037300  -0.013383   0.199752     3.023527     0.013652   1.738829   0.116843
     469   0.964800   0.032500  -0.012672   0.200090     3.017316     0.013676   1.737042   0.116946
     470   0.969600   0.027700  -0.011898   0.200158     3.011177     0.013649   1.735274   0.116831
     471   0.974400   0.022900  -0.014749   0.200004     3.008595     0.013632   1.734530   0.116754
     472   0.974400   0.022900  -0.008554   0.199963     3.020258     0.013603   1.737889   0.116634
     473   0.979200   0.018100  -0.004898   0.199711     3.020169     0.013605   1.737863   0.116638
     474   0.984000   0.013300  -0.006358   0.199639     3.014803     0.013578   1.736319   0.116526
     475   0.988800   0.008500  -0.005929   0.199284     3.008543     0.013609   1.734515   0.116659
     476   0.988800   0.008500  -0.002080   0.199559     3.009246     0.013616   1.734718   0.116690
     477   0.993600   0.003700  -0.000486   0.199646     3.004144     0.013592   1.733247   0.116583
     478   0.993600   0.003700  -0.005611   0.199608     3.010364     0.013564   1.735040   0.116464
     479   0.998400   0.001100  -0.007181   0.199561     3.005254     0.013537   1.733567   0.116347
     480   0.998400   0.001100  -0.001473   0.199724     3.014565     0.013521   1.736250   0.116280
     481   0.998400   0.001100  -0.006705   0.199918     3.021410     0.013511   1.738220   0.116236
     482   0.998400   0.001100  -0.003898   0.200010     3.018924     0.013487   1.737505   0.116133
     483   0.998400   0.001100  -0.001388   0.200034     3.015704     0.013459   1.736578   0.116014
     484   0.998400   0.001100  -0.005095   0.200368     3.016098     0.013485   1.736692   0.116126
     485   0.998400   0.001100  -0.008939   0.200241     3.017015     0.013465   1.736956   0.116040
     486   0.998400   0.001100  -0.005022   0.200367     3.018232     0.013445   1.737306   0.115954
     487   1.003200   0.005900  -0.004631   0.199983     3.012109     0.013489   1.735543   0.116144
     488   1.008000   0.010700  -0.006958   0.199713     3.008568     0.013497   1.734522   0.116178
     489   1.008000   0.010700  -0.012512   0.200015     3.017441     0.013514   1.737078   0.116251
     490   1.008000   0.010700  -0.016728   0.200338     3.019956     0.013537   1.737802   0.116351
     491   1.008000   0.010700  -0.020411   0.200479     3.020439     0.013520   1.737941   0.116274
     492   1.008000   0.010700  -0.023672   0.200315     3.019509     0.013505   1.737674   0.116212
     493   1.008000   0.010700  -0.027359   0.200428     3.020060     0.013484   1.737832   0.116121
     494   1.012800   0.015500  -0.025888   0.200087     3.015012     0.013514   1.736379   0.116250
     495   1.017600   0.020300  -0.026354   0.200180     3.009028     0.013491   1.734655   0.116150
     496   1.017600   0.020300  -0.029955   0.200153     3.009365     0.013464   1.734752   0.116035
     497   1.017600   0.020300  -0.024711   0.200515     3.016920     0.013502   1.736928   0.116197
     498   1.017600   0.020300  -0.028968   0.200783     3.019851     0.013510   1.737772   0.116234
     499   1.022400   0.025100  -0.029323   0.201054     3.013861     0.013520   1.736048   0.116275
     500   1.022400   0.025100  -0.031941   0.201310     3.011247     0.013525   1.735294   0.116299
