    iter     answer      error     mean x     mean y   variance x   variance y       sd x       sd y
       1   0.004800   0.992500  -0.911580   0.021534     0.000000     0.000000   0.000000   0.000000
       2   0.004800   0.992500  -1.615117   0.188537     0.247482     0.013945   0.497476   0.118089
       3   0.009600   0.987700  -0.351759   0.135856     2.293085     0.012997   1.514294   0.114005
       4   0.014400   0.982900  -0.763442   0.109215     2.101151     0.011345   1.449535   0.106511
       5   0.014400   0.982900  -0.247857   0.164079     2.531570     0.018708   1.591091   0.136776
       6   0.019200   0.978100  -0.434835   0.161714     2.255312     0.015613   1.501770   0.124952
       7   0.024000   0.973300  -0.274980   0.153720     2.064543     0.013711   1.436852   0.117095
       8   0.028800   0.968500  -0.397955   0.137556     1.899102     0.013598   1.378079   0.116609
       9   0.033600   0.963700  -0.338758   0.147976     1.713011     0.012859   1.308820   0.113397
      10   0.033600   0.963700  -0.058837   0.147352     2.176390     0.011576   1.475259   0.107593
      11   0.033600   0.963700   0.114380   0.167370     2.251301     0.014166   1.500434   0.119023
      12   0.038400   0.958900   0.131553   0.153458     2.066667     0.014937   1.437591   0.122218
      13   0.038400   0.958900   0.014486   0.155394     2.059499     0.013830   1.435096   0.117600
      14   0.043200   0.954100  -0.068729   0.149064     1.995984     0.013326   1.412793   0.115437
      15   0.048000   0.949300   0.025163   0.147138     1.978109     0.012486   1.406453   0.111739
      16   0.048000   0.949300  -0.047475   0.151829     1.928674     0.012015   1.388767   0.109612
      17   0.048000   0.949300   0.102652   0.162764     2.154622     0.013109   1.467863   0.114493
      18   0.052800   0.944500   0.048899   0.160929     2.081311     0.012434   1.442675   0.111510
      19   0.052800   0.944500  -0.051581   0.173319     2.143939     0.014397   1.464220   0.119989
      20   0.052800   0.944500   0.075699   0.173693     2.329157     0.013680   1.526158   0.116962
      21   0.052800   0.944500   0.206935   0.173673     2.546301     0.013029   1.595713   0.114143
      22   0.052800   0.944500   0.282806   0.179470     2.545948     0.013110   1.595603   0.114499
      23   0.052800   0.944500   0.366078   0.180242     2.581175     0.012553   1.606604   0.112038
      24   0.057600   0.939700   0.352324   0.184077     2.477796     0.012354   1.574102   0.111147
      25   0.057600   0.939700   0.405844   0.186562     2.444678     0.012002   1.563547   0.109553
      26   0.057600   0.939700   0.318310   0.193977     2.534839     0.012862   1.592118   0.113411
      27   0.057600   0.939700   0.370532   0.197555     2.509236     0.012706   1.584057   0.112721
      28   0.057600   0.939700   0.334800   0.202393     2.452861     0.012862   1.566161   0.113409
      29   0.062400   0.934900   0.305267   0.203741     2.391859     0.012467   1.546564   0.111657
      30   0.062400   0.934900   0.346768   0.209144     2.360415     0.012870   1.536364   0.113445
      31   0.062400   0.934900   0.412784   0.210144     2.410796     0.012484   1.552674   0.111731
      32   0.062400   0.934900   0.486477   0.208988     2.498547     0.012134   1.580679   0.110154
      33   0.067200   0.930100   0.452324   0.207663     2.459027     0.011821   1.568129   0.108722
      34   0.072000   0.925300   0.476194   0.202690     2.404952     0.012265   1.550791   0.110748
      35   0.072000   0.925300   0.378019   0.206560     2.654576     0.012409   1.629287   0.111397
      36   0.076800   0.920500   0.388588   0.206013     2.584639     0.012075   1.607681   0.109885
      37   0.076800   0.920500   0.330816   0.207802     2.631690     0.011861   1.622248   0.108906
      38   0.076800   0.920500   0.272763   0.208782     2.683848     0.011583   1.638246   0.107625
      39   0.076800   0.920500   0.336605   0.212556     2.765943     0.011813   1.663112   0.108689
      40   0.076800   0.920500   0.397915   0.212079     2.839726     0.011527   1.685149   0.107362
      41   0.076800   0.920500   0.399125   0.216386     2.770521     0.011969   1.664488   0.109404
      42   0.076800   0.920500   0.415287   0.219020     2.715010     0.011962   1.647729   0.109371
      43   0.076800   0.920500   0.349056   0.216917     2.831817     0.011865   1.682800   0.108928
      44   0.076800   0.920500   0.284857   0.214022     2.940658     0.011948   1.714835   0.109306
      45   0.081600   0.915700   0.261247   0.215193     2.899292     0.011741   1.702731   0.108357
      46   0.081600   0.915700   0.307035   0.212283     2.928557     0.011859   1.711303   0.108897
      47   0.086400   0.910900   0.324622   0.208355     2.880172     0.012301   1.697107   0.110910
      48   0.086400   0.910900   0.286932   0.206835     2.885541     0.012151   1.698688   0.110231
      49   0.086400   0.910900   0.242810   0.207429     2.918189     0.011920   1.708271   0.109177
      50   0.086400   0.910900   0.189124   0.210568     2.998230     0.012154   1.731540   0.110247
      51   0.086400   0.910900   0.239736   0.207134     3.065008     0.012494   1.750716   0.111777
      52   0.086400   0.910900   0.200540   0.206834     3.082912     0.012258   1.755822   0.110717
      53   0.091200   0.906100   0.160200   0.202940     3.107767     0.012800   1.762886   0.113139
      54   0.096000   0.901300   0.181746   0.199802     3.074365     0.013076   1.753387   0.114349
      55   0.096000   0.901300   0.202634   0.200266     3.041600     0.012849   1.744018   0.113355
      56   0.100800   0.896500   0.199569   0.199391     2.987793     0.012661   1.728524   0.112522
      57   0.100800   0.896500   0.157007   0.198218     3.035042     0.012515   1.742137   0.111869
      58   0.100800   0.896500   0.106384   0.200991     3.126268     0.012730   1.768126   0.112826
      59   0.105600   0.891700   0.103109   0.200288     3.073892     0.012542   1.753252   0.111992
      60   0.105600   0.891700   0.084187   0.202166     3.043434     0.012538   1.744544   0.111972
      61   0.105600   0.891700   0.045713   0.202548     3.080901     0.012341   1.755250   0.111089
      62   0.110400   0.886900   0.070176   0.199865     3.067127     0.012574   1.751322   0.112133
      63   0.110400   0.886900   0.042515   0.198533     3.065130     0.012482   1.750751   0.111725
      64   0.110400   0.886900  -0.003846   0.198604     3.150528     0.012288   1.774973   0.110850
      65   0.115200   0.882100   0.010914   0.197220     3.115787     0.012219   1.765159   0.110541
      66   0.120000   0.877300   0.002461   0.195184     3.073153     0.012300   1.753041   0.110904
      67   0.120000   0.877300   0.046773   0.196767     3.154948     0.012279   1.776217   0.110810
      68   0.120000   0.877300   0.066217   0.196424     3.133511     0.012106   1.770173   0.110028
      69   0.124800   0.872500   0.080688   0.196378     3.102130     0.011931   1.761287   0.109228
      70   0.124800   0.872500   0.116942   0.196116     3.147208     0.011765   1.774037   0.108467
      71   0.124800   0.872500   0.090608   0.195157     3.150741     0.011663   1.775033   0.107994
      72   0.129600   0.867700   0.084585   0.196668     3.109521     0.011661   1.763383   0.107984
      73   0.129600   0.867700   0.056490   0.196328     3.122977     0.011509   1.767195   0.107280
      74   0.129600   0.867700   0.072962   0.198376     3.100314     0.011655   1.760771   0.107960
      75   0.134400   0.862900   0.082097   0.198019     3.065069     0.011509   1.750734   0.107281
      76   0.139200   0.858100   0.066339   0.195496     3.043118     0.011829   1.744454   0.108760
      77   0.139200   0.858100   0.095179   0.196463     3.065990     0.011745   1.750997   0.108375
      78   0.144000   0.853300   0.089882   0.195699     3.028816     0.011639   1.740349   0.107884
      79   0.148800   0.848500   0.087431   0.195329     2.990939     0.011502   1.729433   0.107248
      80   0.153600   0.843700   0.086912   0.197613     2.953573     0.011766   1.718596   0.108469
      81   0.153600   0.843700   0.115957   0.199896     2.983764     0.012032   1.727358   0.109690
      82   0.158400   0.838900   0.114482   0.199096     2.947551     0.011936   1.716843   0.109254
      83   0.163200   0.834100   0.090281   0.196857     2.959486     0.012199   1.720316   0.110448
      84   0.163200   0.834100   0.101423   0.197754     2.934434     0.012120   1.713019   0.110089
      85   0.163200   0.834100   0.133765   0.196783     2.986745     0.012055   1.728220   0.109796
      86   0.163200   0.834100   0.147053   0.198628     2.966848     0.012201   1.722454   0.110458
      87   0.168000   0.829300   0.137877   0.196878     2.939905     0.012321   1.714615   0.111001
      88   0.168000   0.829300   0.112912   0.198416     2.960101     0.012384   1.720494   0.111286
      89   0.172800   0.824500   0.115494   0.199936     2.927421     0.012447   1.710971   0.111564
      90   0.172800   0.824500   0.146353   0.200733     2.978710     0.012364   1.725894   0.111194
      91   0.172800   0.824500   0.173068   0.202317     3.009500     0.012451   1.734791   0.111586
      92   0.172800   0.824500   0.198415   0.202722     3.034616     0.012331   1.742015   0.111045
      93   0.172800   0.824500   0.169958   0.202880     3.075684     0.012201   1.753763   0.110456
      94   0.177600   0.819700   0.156945   0.201408     3.058545     0.012270   1.748870   0.110772
      95   0.177600   0.819700   0.184735   0.202190     3.098183     0.012198   1.760166   0.110445
      96   0.177600   0.819700   0.160786   0.202711     3.119832     0.012097   1.766305   0.109985
      97   0.177600   0.819700   0.136089   0.204095     3.145621     0.012154   1.773590   0.110245
      98   0.177600   0.819700   0.105775   0.202494     3.201748     0.012276   1.789343   0.110797
      99   0.177600   0.819700   0.075225   0.203659     3.259948     0.012284   1.805533   0.110832
     100   0.182400   0.814900   0.064364   0.202842     3.238910     0.012226   1.799697   0.110573
     101   0.182400   0.814900   0.084647   0.203340     3.247575     0.012130   1.802103   0.110136
     102   0.182400   0.814900   0.102738   0.202162     3.248468     0.012150   1.802351   0.110227
     103   0.187200   0.810100   0.106990   0.203039     3.218755     0.012110   1.794089   0.110045
     104   0.187200   0.810100   0.084690   0.201810     3.238530     0.012148   1.799592   0.110216
     105   0.187200   0.810100   0.069224   0.202942     3.232328     0.012164   1.797868   0.110290
     106   0.187200   0.810100   0.084491   0.203854     3.226075     0.012136   1.796128   0.110161
     107   0.192000   0.805300   0.080678   0.202991     3.197451     0.012100   1.788142   0.110001
     108   0.196800   0.800500   0.073894   0.201216     3.172724     0.012322   1.781214   0.111006
     109   0.196800   0.800500   0.096345   0.200930     3.197554     0.012218   1.788171   0.110535
     110   0.196800   0.800500   0.114386   0.201412     3.203639     0.012132   1.789871   0.110145
     111   0.196800   0.800500   0.106037   0.202245     3.182377     0.012098   1.783922   0.109992
     112   0.196800   0.800500   0.085387   0.201517     3.200871     0.012049   1.789098   0.109767
     113   0.196800   0.800500   0.101904   0.201944     3.202828     0.011962   1.789645   0.109372
     114   0.201600   0.795700   0.101375   0.203462     3.174764     0.012115   1.781787   0.110070
     115   0.201600   0.795700   0.080445   0.203117     3.196664     0.012024   1.787922   0.109652
     116   0.206400   0.790900   0.075602   0.203694     3.171780     0.011958   1.780949   0.109353
     117   0.211200   0.786100   0.078449   0.202954     3.145603     0.011919   1.773585   0.109173
     118   0.216000   0.781300   0.092693   0.201644     3.142482     0.012017   1.772705   0.109622
     119   0.216000   0.781300   0.069568   0.201905     3.178647     0.011924   1.782876   0.109197
     120   0.216000   0.781300   0.057082   0.203064     3.170557     0.011983   1.780606   0.109467
     121   0.216000   0.781300   0.041434   0.203821     3.173494     0.011952   1.781430   0.109326
     122   0.216000   0.781300   0.063320   0.205095     3.204968     0.012049   1.790242   0.109768
     123   0.220800   0.776500   0.053336   0.203989     3.190976     0.012099   1.786330   0.109995
     124   0.220800   0.776500   0.036163   0.204084     3.201220     0.012002   1.789195   0.109555
     125   0.220800   0.776500   0.057058   0.202661     3.229313     0.012156   1.797029   0.110252
     126   0.225600   0.771700   0.043495   0.201110     3.226495     0.012357   1.796245   0.111163
     127   0.225600   0.771700   0.051502   0.202512     3.209104     0.012506   1.791397   0.111828
     128   0.225600   0.771700   0.040465   0.202451     3.199383     0.012408   1.788682   0.111393
     129   0.225600   0.771700   0.023990   0.203475     3.209057     0.012445   1.791384   0.111559
     130   0.225600   0.771700   0.016063   0.204972     3.192414     0.012637   1.786733   0.112413
     131   0.230400   0.766900   0.012053   0.204715     3.170119     0.012549   1.780483   0.112021
     132   0.230400   0.766900   0.001407   0.205264     3.160839     0.012493   1.777875   0.111771
     133   0.235200   0.762100   0.012940   0.204247     3.154498     0.012534   1.776091   0.111958
     134   0.235200   0.762100  -0.008102   0.203410     3.189407     0.012533   1.785891   0.111952
     135   0.235200   0.762100  -0.015206   0.203816     3.172494     0.012462   1.781150   0.111635
     136   0.235200   0.762100  -0.036638   0.204534     3.210716     0.012440   1.791847   0.111534
     137   0.235200   0.762100  -0.018416   0.204965     3.232109     0.012374   1.797807   0.111239
     138   0.240000   0.757300  -0.009196   0.204011     3.220247     0.012408   1.794505   0.111392
     139   0.240000   0.757300   0.008093   0.202767     3.238036     0.012531   1.799454   0.111942
     140   0.244800   0.752500   0.011065   0.201354     3.216126     0.012717   1.793356   0.112770
     141   0.249600   0.747700   0.010761   0.200612     3.193329     0.012703   1.786989   0.112709
     142   0.249600   0.747700  -0.007389   0.199862     3.216962     0.012693   1.793589   0.112662
     143   0.254400   0.742900   0.000697   0.199702     3.203684     0.012608   1.789884   0.112283
     144   0.254400   0.742900  -0.013604   0.199369     3.210478     0.012536   1.791781   0.111963
     145   0.254400   0.742900   0.004043   0.199108     3.232873     0.012459   1.798019   0.111620
     146   0.254400   0.742900   0.021176   0.199953     3.252999     0.012477   1.803607   0.111699
     147   0.254400   0.742900   0.032123   0.200048     3.248246     0.012393   1.802289   0.111324
     148   0.254400   0.742900   0.018400   0.200878     3.253794     0.012410   1.803828   0.111400
     149   0.254400   0.742900   0.029143   0.201809     3.248925     0.012454   1.802477   0.111598
     150   0.259200   0.738100   0.020786   0.201089     3.237603     0.012448   1.799334   0.111570
     151   0.259200   0.738100   0.004466   0.200023     3.255848     0.012535   1.804397   0.111959
     152   0.259200   0.738100  -0.011159   0.199019     3.271052     0.012604   1.808605   0.112266
     153   0.264000   0.733300  -0.010206   0.199045     3.249810     0.012521   1.802723   0.111899
     154   0.264000   0.733300   0.002754   0.199804     3.254239     0.012528   1.803951   0.111927
     155   0.268800   0.728500   0.000178   0.200244     3.234259     0.012477   1.798405   0.111698
     156   0.268800   0.728500  -0.008760   0.201497     3.225831     0.012638   1.796060   0.112420
     157   0.273600   0.723700  -0.000717   0.201307     3.215313     0.012563   1.793129   0.112087
     158   0.273600   0.723700   0.013343   0.202238     3.225803     0.012619   1.796052   0.112334
     159   0.273600   0.723700   0.003971   0.203449     3.219307     0.012770   1.794243   0.113004
     160   0.278400   0.718900   0.002963   0.203511     3.199347     0.012691   1.788672   0.112653
     161   0.278400   0.718900   0.016963   0.202701     3.210640     0.012716   1.791826   0.112767
     162   0.278400   0.718900   0.032099   0.203314     3.227479     0.012698   1.796519   0.112686
     163   0.278400   0.718900   0.017468   0.204091     3.242144     0.012717   1.800595   0.112771
     164   0.283200   0.714100   0.017115   0.203817     3.222395     0.012652   1.795103   0.112481
     165   0.288000   0.709300   0.021734   0.202602     3.206344     0.012816   1.790627   0.113208
     166   0.288000   0.709300   0.015565   0.203478     3.193271     0.012864   1.786972   0.113422
     167   0.292800   0.704500   0.008322   0.203221     3.182805     0.012798   1.784042   0.113130
     168   0.292800   0.704500   0.025003   0.203722     3.210054     0.012764   1.791662   0.112977
     169   0.297600   0.699700   0.029836   0.202743     3.194960     0.012848   1.787445   0.113351
     170   0.297600   0.699700   0.042140   0.202778     3.201599     0.012773   1.789301   0.113018
     171   0.297600   0.699700   0.027084   0.202760     3.221188     0.012698   1.794767   0.112687
     172   0.297600   0.699700   0.035731   0.203830     3.215173     0.012819   1.793090   0.113222
     173   0.297600   0.699700   0.024990   0.203938     3.216314     0.012747   1.793409   0.112903
     174   0.297600   0.699700   0.012430   0.204418     3.224965     0.012713   1.795819   0.112754
     175   0.297600   0.699700   0.019352   0.204399     3.214826     0.012641   1.792994   0.112432
     176   0.297600   0.699700   0.010026   0.203997     3.211697     0.012597   1.792121   0.112237
     177   0.302400   0.694900  -0.001398   0.202978     3.216388     0.012708   1.793429   0.112728
     178   0.302400   0.694900   0.010799   0.202219     3.224502     0.012738   1.795690   0.112862
     179   0.302400   0.694900   0.015052   0.202823     3.209690     0.012731   1.791561   0.112833
     180   0.302400   0.694900   0.024472   0.202703     3.207654     0.012663   1.790992   0.112531
     181   0.307200   0.690100   0.023667   0.202164     3.190048     0.012645   1.786070   0.112451
     182   0.312000   0.685300   0.028062   0.202034     3.175997     0.012579   1.782133   0.112155
     183   0.316800   0.680500   0.033939   0.201849     3.164893     0.012516   1.779015   0.111876
     184   0.321600   0.675700   0.033262   0.201414     3.147776     0.012483   1.774197   0.111726
     185   0.321600   0.675700   0.045584   0.201628     3.158549     0.012423   1.777231   0.111461
     186   0.326400   0.670900   0.050284   0.201594     3.145631     0.012357   1.773593   0.111162
     187   0.326400   0.670900   0.039083   0.201408     3.152021     0.012297   1.775393   0.110893
     188   0.326400   0.670900   0.053946   0.202018     3.176344     0.012301   1.782230   0.110910
     189   0.326400   0.670900   0.039881   0.201610     3.196532     0.012267   1.787885   0.110757
     190   0.326400   0.670900   0.030472   0.201188     3.196352     0.012236   1.787835   0.110617
     191   0.326400   0.670900   0.044397   0.201111     3.216271     0.012173   1.793396   0.110332
     192   0.326400   0.670900   0.055323   0.201104     3.222199     0.012110   1.795049   0.110044
     193   0.326400   0.670900   0.069578   0.201629     3.244318     0.012100   1.801199   0.109998
     194   0.326400   0.670900   0.078670   0.201931     3.243465     0.012055   1.800962   0.109794
     195   0.331200   0.666100   0.081758   0.200930     3.228673     0.012187   1.796851   0.110393
     196   0.331200   0.666100   0.085700   0.201524     3.215214     0.012193   1.793102   0.110422
     197   0.336000   0.661300   0.085514   0.201288     3.198900     0.012142   1.788547   0.110191
     198   0.336000   0.661300   0.089267   0.202112     3.185506     0.012214   1.784799   0.110517
     199   0.336000   0.661300   0.075959   0.202739     3.204389     0.012230   1.790081   0.110589
     200   0.336000   0.661300   0.066666   0.203297     3.205469     0.012230   1.790382   0.110591
     201   0.336000   0.661300   0.076948   0.203393     3.210560     0.012171   1.791804   0.110324
     202   0.336000   0.661300   0.091079   0.203644     3.234604     0.012124   1.798500   0.110108
     203   0.336000   0.661300   0.095789   0.203974     3.223129     0.012086   1.795307   0.109936
     204   0.340800   0.656500   0.107897   0.202980     3.236944     0.012227   1.799151   0.110574
     205   0.340800   0.656500   0.119917   0.203603     3.250484     0.012246   1.802910   0.110661
     206   0.340800   0.656500   0.105396   0.204064     3.277717     0.012230   1.810447   0.110589
     207   0.345600   0.651700   0.113714   0.203185     3.276064     0.012329   1.809990   0.111037
     208   0.350400   0.646900   0.119260   0.202889     3.266651     0.012288   1.807388   0.110851
     209   0.355200   0.642100   0.124492   0.202509     3.256688     0.012259   1.804630   0.110721
     210   0.360000   0.637300   0.132587   0.201549     3.254810     0.012392   1.804109   0.111320
     211   0.364800   0.632500   0.130986   0.202127     3.239920     0.012403   1.799978   0.111370
     212   0.364800   0.632500   0.135206   0.202990     3.228376     0.012501   1.796768   0.111809
     213   0.364800   0.632500   0.128505   0.203110     3.222691     0.012445   1.795186   0.111559
     214   0.364800   0.632500   0.120019   0.203833     3.222902     0.012498   1.795244   0.111795
     215   0.364800   0.632500   0.115033   0.204558     3.213205     0.012552   1.792542   0.112036
     216   0.364800   0.632500   0.104498   0.204242     3.222082     0.012515   1.795016   0.111872
     217   0.369600   0.627700   0.101553   0.204545     3.209099     0.012477   1.791396   0.111702
     218   0.369600   0.627700   0.114425   0.204850     3.230167     0.012440   1.797266   0.111536
     219   0.369600   0.627700   0.118629   0.205663     3.219253     0.012527   1.794228   0.111923
     220   0.374400   0.622900   0.119932   0.205019     3.204990     0.012560   1.790249   0.112072
     221   0.379200   0.618100   0.126010   0.204439     3.198578     0.012577   1.788457   0.112147
     222   0.379200   0.618100   0.112005   0.204366     3.227320     0.012521   1.796474   0.111899
     223   0.379200   0.618100   0.101401   0.204074     3.237699     0.012484   1.799361   0.111733
     224   0.384000   0.613300   0.099091   0.204286     3.224430     0.012438   1.795670   0.111528
     225   0.388800   0.608500   0.087877   0.203454     3.238143     0.012538   1.799484   0.111972
     226   0.388800   0.608500   0.075593   0.203430     3.257617     0.012482   1.804887   0.111725
     227   0.393600   0.603700   0.074517   0.203824     3.243526     0.012462   1.800979   0.111635
     228   0.398400   0.598900   0.066254   0.203264     3.244733     0.012479   1.801314   0.111708
     229   0.403200   0.594100   0.061781   0.202750     3.235105     0.012484   1.798640   0.111733
     230   0.408000   0.589300   0.065443   0.202174     3.224096     0.012506   1.795577   0.111829
     231   0.408000   0.589300   0.054861   0.203016     3.235783     0.012614   1.798828   0.112311
     232   0.408000   0.589300   0.043411   0.202278     3.251992     0.012685   1.803328   0.112626
     233   0.408000   0.589300   0.032971   0.202271     3.263213     0.012630   1.806437   0.112384
     234   0.412800   0.584500   0.028383   0.201660     3.254151     0.012663   1.803926   0.112530
     235   0.412800   0.584500   0.025380   0.202320     3.242404     0.012711   1.800668   0.112743
     236   0.417600   0.579700   0.024054   0.202270     3.229076     0.012658   1.796963   0.112506
     237   0.422400   0.574900   0.022463   0.202808     3.216046     0.012672   1.793334   0.112571
     238   0.422400   0.574900   0.010579   0.202023     3.235865     0.012764   1.798851   0.112980
     239   0.427200   0.570100   0.005203   0.201616     3.229177     0.012750   1.796991   0.112918
     240   0.427200   0.570100   0.000412   0.202439     3.221184     0.012859   1.794766   0.113396
     241   0.427200   0.570100   0.012469   0.202704     3.242564     0.012822   1.800712   0.113235
     242   0.432000   0.565300   0.011605   0.202233     3.229344     0.012822   1.797038   0.113236
     243   0.436800   0.560500   0.015812   0.201936     3.220321     0.012791   1.794525   0.113097
     244   0.441600   0.555700   0.017914   0.201471     3.208191     0.012791   1.791143   0.113096
     245   0.441600   0.555700   0.009394   0.201309     3.212736     0.012745   1.792411   0.112894
     246   0.441600   0.555700   0.000695   0.201718     3.218140     0.012734   1.793917   0.112845
     247   0.441600   0.555700   0.006307   0.202262     3.212826     0.012755   1.792436   0.112938
     248   0.441600   0.555700  -0.000665   0.202300     3.211828     0.012704   1.792157   0.112712
     249   0.441600   0.555700  -0.010642   0.202462     3.223517     0.012659   1.795416   0.112514
     250   0.441600   0.555700  -0.002899   0.202184     3.225490     0.012628   1.795965   0.112374
     251   0.441600   0.555700  -0.008425   0.202858     3.220242     0.012691   1.794503   0.112652
     252   0.441600   0.555700  -0.002108   0.202884     3.217439     0.012640   1.793722   0.112429
     253   0.446400   0.550900   0.004219   0.202449     3.214770     0.012638   1.792978   0.112419
     254   0.446400   0.550900   0.008772   0.202985     3.207338     0.012661   1.790904   0.112520
     255   0.451200   0.546100   0.012921   0.202846     3.199115     0.012616   1.788607   0.112321
     256   0.451200   0.546100   0.023133   0.202327     3.213109     0.012635   1.792515   0.112406
     257   0.456000   0.541300   0.032252   0.201580     3.221809     0.012728   1.794940   0.112820
     258   0.456000   0.541300   0.038842   0.201563     3.220442     0.012679   1.794559   0.112602
     259   0.456000   0.541300   0.027855   0.201732     3.239035     0.012637   1.799732   0.112416
     260   0.456000   0.541300   0.032119   0.202209     3.231268     0.012648   1.797573   0.112462
     261   0.456000   0.541300   0.037641   0.202579     3.226786     0.012635   1.796326   0.112404
     262   0.460800   0.536500   0.036597   0.202610     3.214753     0.012587   1.792973   0.112190
     263   0.465600   0.531700   0.043681   0.201898     3.215628     0.012671   1.793217   0.112567
     264   0.465600   0.531700   0.034499   0.201426     3.225536     0.012682   1.795978   0.112613
     265   0.470400   0.526900   0.039829   0.200951     3.220838     0.012693   1.794669   0.112664
     266   0.475200   0.522100   0.034542   0.200704     3.216109     0.012662   1.793351   0.112524
     267   0.475200   0.522100   0.042506   0.200698     3.220871     0.012614   1.794679   0.112313
     268   0.475200   0.522100   0.040725   0.201360     3.209697     0.012684   1.791563   0.112622
     269   0.480000   0.517300   0.045866   0.200677     3.204823     0.012761   1.790202   0.112964
     270   0.480000   0.517300   0.042298   0.201154     3.196367     0.012775   1.787839   0.113025
     271   0.484800   0.512500   0.041651   0.200864     3.184685     0.012750   1.784569   0.112917
     272   0.484800   0.512500   0.032527   0.200394     3.195451     0.012763   1.787582   0.112973
     273   0.484800   0.512500   0.038781   0.200221     3.194344     0.012724   1.787273   0.112802
     274   0.484800   0.512500   0.045991   0.200926     3.196829     0.012813   1.787968   0.113195
     275   0.489600   0.507700   0.045831   0.201556     3.185211     0.012875   1.784716   0.113467
     276   0.489600   0.507700   0.054229   0.201944     3.192994     0.012869   1.786895   0.113443
     277   0.494400   0.502900   0.054572   0.201816     3.181499     0.012827   1.783676   0.113258
     278   0.494400   0.502900   0.049135   0.202093     3.178214     0.012802   1.782755   0.113148
     279   0.499200   0.498100   0.046897   0.201958     3.168209     0.012762   1.779946   0.112968
     280   0.504000   0.493300   0.043682   0.202041     3.159767     0.012718   1.777573   0.112774
     281   0.508800   0.488500   0.046327   0.201431     3.150474     0.012777   1.774957   0.113034
     282   0.508800   0.488500   0.056326   0.201326     3.167299     0.012734   1.779691   0.112847
     283   0.508800   0.488500   0.063806   0.201435     3.171827     0.012693   1.780962   0.112662
     284   0.508800   0.488500   0.059129   0.201702     3.166826     0.012668   1.779558   0.112553
     285   0.508800   0.488500   0.060174   0.202345     3.156023     0.012741   1.776520   0.112876
     286   0.508800   0.488500   0.053218   0.202240     3.158729     0.012700   1.777281   0.112692
     287   0.508800   0.488500   0.059267   0.202050     3.158150     0.012666   1.777118   0.112542
     288   0.508800   0.488500   0.068919   0.202201     3.173828     0.012628   1.781524   0.112375
     289   0.513600   0.483700   0.069159   0.201927     3.162862     0.012606   1.778444   0.112276
     290   0.513600   0.483700   0.059641   0.202579     3.178045     0.012685   1.782707   0.112626
     291   0.513600   0.483700   0.063446   0.202829     3.171307     0.012659   1.780816   0.112513
     292   0.513600   0.483700   0.073293   0.203160     3.188571     0.012648   1.785657   0.112461
     293   0.513600   0.483700   0.082203   0.203275     3.200788     0.012608   1.789075   0.112287
     294   0.513600   0.483700   0.071768   0.203787     3.221695     0.012642   1.794908   0.112436
     295   0.513600   0.483700   0.063015   0.203946     3.233222     0.012606   1.798116   0.112279
     296   0.513600   0.483700   0.070956   0.203429     3.240839     0.012642   1.800233   0.112439
     297   0.513600   0.483700   0.064826   0.203360     3.241013     0.012601   1.800281   0.112255
     298   0.513600   0.483700   0.063900   0.204010     3.230391     0.012684   1.797329   0.112622
     299   0.513600   0.483700   0.054964   0.203995     3.243304     0.012641   1.800918   0.112434
     300   0.513600   0.483700   0.046780   0.204210     3.252453     0.012613   1.803456   0.112308
     301   0.518400   0.478900   0.041392   0.203576     3.250328     0.012692   1.802867   0.112657
     302   0.523200   0.474100   0.038896   0.203180     3.241435     0.012697   1.800398   0.112679
     303   0.523200   0.474100   0.030623   0.203347     3.251336     0.012663   1.803146   0.112531
     304   0.523200   0.474100   0.024441   0.203462     3.252183     0.012625   1.803381   0.112363
     305   0.523200   0.474100   0.021283   0.203969     3.244543     0.012662   1.801261   0.112525
     306   0.523200   0.474100   0.024369   0.204148     3.236836     0.012630   1.799121   0.112384
     307   0.528000   0.469300   0.017484   0.203585     3.240751     0.012686   1.800209   0.112631
     308   0.532800   0.464500   0.016607   0.203246     3.230464     0.012680   1.797349   0.112604
     309   0.532800   0.464500   0.020602   0.203227     3.224909     0.012639   1.795803   0.112423
     310   0.532800   0.464500   0.013881   0.203524     3.228422     0.012625   1.796781   0.112362
     311   0.537600   0.459700   0.016959   0.203512     3.220970     0.012585   1.794706   0.112181
     312   0.537600   0.459700   0.008531   0.203257     3.232670     0.012565   1.797963   0.112092
     313   0.542400   0.454900   0.001674   0.202737     3.236964     0.012609   1.799157   0.112288
     314   0.547200   0.450100  -0.000751   0.202775     3.228489     0.012569   1.796800   0.112111
     315   0.547200   0.450100  -0.006967   0.202834     3.230336     0.012530   1.797314   0.111938
     316   0.547200   0.450100  -0.011868   0.202747     3.227654     0.012493   1.796567   0.111771
     317   0.547200   0.450100  -0.004809   0.203366     3.233165     0.012574   1.798100   0.112134
     318   0.547200   0.450100   0.004528   0.203109     3.250549     0.012555   1.802928   0.112051
     319   0.547200   0.450100   0.000535   0.203282     3.245413     0.012526   1.801503   0.111918
     320   0.547200   0.450100   0.009726   0.203012     3.262132     0.012510   1.806137   0.111847
     321   0.547200   0.450100   0.017764   0.202641     3.272584     0.012515   1.809029   0.111869
     322   0.547200   0.450100   0.020914   0.202740     3.265594     0.012479   1.807096   0.111709
     323   0.552000   0.445300   0.016641   0.202182     3.261345     0.012541   1.805919   0.111985
     324   0.556800   0.440500   0.013290   0.202060     3.254894     0.012507   1.804133   0.111833
     325   0.556800   0.440500   0.005886   0.201783     3.262584     0.012493   1.806262   0.111772
     326   0.561600   0.435700   0.010623   0.201204     3.259846     0.012563   1.805504   0.112085
     327   0.566400   0.430900   0.006206   0.200775     3.256218     0.012585   1.804499   0.112181
     328   0.566400   0.430900  -0.002048   0.201083     3.268500     0.012577   1.807899   0.112149
     329   0.571200   0.426100   0.000991   0.200674     3.261585     0.012594   1.805986   0.112222
     330   0.571200   0.426100   0.009291   0.200349     3.274297     0.012590   1.809502   0.112206
     331   0.576000   0.421300   0.010844   0.200747     3.265199     0.012604   1.806986   0.112269
     332   0.580800   0.416500   0.008168   0.200576     3.257729     0.012576   1.804918   0.112143
     333   0.580800   0.416500   0.005400   0.201039     3.250481     0.012609   1.802909   0.112290
     334   0.585600   0.411700   0.003782   0.200827     3.241619     0.012586   1.800450   0.112188
     335   0.590400   0.406900   0.002707   0.201230     3.232327     0.012602   1.797867   0.112261
     336   0.595200   0.402100   0.003098   0.201111     3.222758     0.012570   1.795204   0.112115
     337   0.595200   0.402100   0.009180   0.201352     3.225588     0.012552   1.795992   0.112036
     338   0.595200   0.402100   0.006924   0.201940     3.217755     0.012631   1.793810   0.112387
     339   0.600000   0.397300   0.010023   0.201530     3.211500     0.012650   1.792066   0.112474
     340   0.600000   0.397300   0.015158   0.201345     3.210966     0.012625   1.791917   0.112360
     341   0.600000   0.397300   0.007065   0.201887     3.223755     0.012687   1.795482   0.112638
     342   0.604800   0.392500   0.006021   0.202115     3.214699     0.012668   1.792958   0.112552
     343   0.609600   0.387700   0.002276   0.201603     3.210110     0.012720   1.791678   0.112784
     344   0.614400   0.382900   0.003397   0.201858     3.201209     0.012705   1.789192   0.112718
     345   0.619200   0.378100   0.001798   0.201432     3.192807     0.012731   1.786843   0.112830
     346   0.624000   0.373300   0.001862   0.201048     3.183581     0.012745   1.784259   0.112892
     347   0.624000   0.373300  -0.002244   0.201028     3.180222     0.012708   1.783318   0.112730
     348   0.624000   0.373300  -0.008295   0.201170     3.183751     0.012678   1.784307   0.112599
     349   0.624000   0.373300  -0.013230   0.201631     3.183082     0.012716   1.784119   0.112765
     350   0.624000   0.373300  -0.007932   0.201321     3.183758     0.012713   1.784309   0.112752
     351   0.628800   0.368500  -0.014789   0.200750     3.191096     0.012790   1.786364   0.113095
     352   0.633600   0.363700  -0.017146   0.200611     3.183976     0.012761   1.784370   0.112964
     353   0.638400   0.358900  -0.016954   0.200543     3.174969     0.012726   1.781844   0.112811
     354   0.638400   0.358900  -0.009797   0.200714     3.184031     0.012701   1.784385   0.112697
     355   0.643200   0.354100  -0.008646   0.200474     3.175530     0.012685   1.782002   0.112628
     356   0.648000   0.349300  -0.008839   0.200352     3.166623     0.012655   1.779501   0.112493
     357   0.648000   0.349300  -0.013198   0.200397     3.164500     0.012620   1.778904   0.112339
     358   0.648000   0.349300  -0.005188   0.200590     3.178504     0.012598   1.782836   0.112241
     359   0.652800   0.344500  -0.002622   0.200670     3.172001     0.012565   1.781011   0.112095
     360   0.657600   0.339700  -0.003483   0.201158     3.163455     0.012616   1.778610   0.112319
     361   0.657600   0.339700  -0.008280   0.201673     3.162953     0.012676   1.778469   0.112587
     362   0.657600   0.339700  -0.000848   0.202061     3.174101     0.012695   1.781601   0.112672
     363   0.662400   0.334900  -0.000849   0.202494     3.165357     0.012728   1.779145   0.112818
     364   0.662400   0.334900  -0.005804   0.202959     3.165547     0.012771   1.779199   0.113009
     365   0.662400   0.334900  -0.011868   0.202578     3.170227     0.012789   1.780513   0.113088
     366   0.662400   0.334900  -0.008090   0.202849     3.166760     0.012781   1.779539   0.113052
     367   0.667200   0.330100  -0.010341   0.202899     3.159981     0.012747   1.777634   0.112902
     368   0.672000   0.325300  -0.011994   0.202380     3.152393     0.012811   1.775498   0.113185
     369   0.676800   0.320500  -0.011671   0.202410     3.143889     0.012776   1.773101   0.113033
     370   0.681600   0.315700  -0.013652   0.202219     3.136837     0.012755   1.771112   0.112940
     371   0.681600   0.315700  -0.020708   0.202002     3.146751     0.012738   1.773909   0.112864
     372   0.686400   0.310900  -0.018096   0.201812     3.140818     0.012717   1.772235   0.112771
     373   0.686400   0.310900  -0.022776   0.201603     3.140524     0.012700   1.772152   0.112692
     374   0.691200   0.306100  -0.023344   0.201864     3.132247     0.012691   1.769815   0.112654
     375   0.696000   0.301300  -0.022567   0.201801     3.124119     0.012659   1.767518   0.112510
     376   0.700800   0.296500  -0.018954   0.201570     3.120694     0.012645   1.766549   0.112449
     377   0.700800   0.296500  -0.026265   0.201759     3.132460     0.012625   1.769876   0.112359
     378   0.705600   0.291700  -0.024919   0.201319     3.124854     0.012664   1.767726   0.112535
     379   0.705600   0.291700  -0.029635   0.201520     3.124993     0.012646   1.767765   0.112454
     380   0.705600   0.291700  -0.033436   0.201568     3.122231     0.012614   1.766984   0.112310
     381   0.705600   0.291700  -0.026509   0.201533     3.132224     0.012581   1.769809   0.112165
     382   0.710400   0.286900  -0.023520   0.201085     3.127419     0.012624   1.768451   0.112358
     383   0.710400   0.286900  -0.025176   0.201451     3.120298     0.012643   1.766437   0.112439
     384   0.710400   0.286900  -0.028959   0.201684     3.117637     0.012630   1.765683   0.112384
     385   0.715200   0.282100  -0.032624   0.201458     3.114685     0.012617   1.764847   0.112325
     386   0.715200   0.282100  -0.037727   0.201828     3.116617     0.012637   1.765394   0.112413
     387   0.715200   0.282100  -0.032653   0.202229     3.118477     0.012666   1.765921   0.112543
     388   0.715200   0.282100  -0.035984   0.202494     3.114723     0.012661   1.764858   0.112519
     389   0.715200   0.282100  -0.040466   0.202271     3.114488     0.012647   1.764791   0.112460
     390   0.720000   0.277300  -0.041831   0.202298     3.107225     0.012615   1.762732   0.112317
     391   0.720000   0.277300  -0.034956   0.202639     3.117662     0.012628   1.765690   0.112374
     392   0.720000   0.277300  -0.027514   0.202280     3.131313     0.012646   1.769552   0.112454
     393   0.724800   0.272500  -0.022618   0.201799     3.132716     0.012704   1.769948   0.112714
     394   0.729600   0.267700  -0.021440   0.201878     3.125309     0.012675   1.767854   0.112581
     395   0.729600   0.267700  -0.018652   0.201939     3.120453     0.012644   1.766480   0.112446
     396   0.729600   0.267700  -0.011367   0.201844     3.133478     0.012616   1.770163   0.112319
     397   0.734400   0.262900  -0.012082   0.201976     3.125786     0.012591   1.767989   0.112208
     398   0.734400   0.262900  -0.006805   0.202280     3.128958     0.012596   1.768886   0.112231
     399   0.734400   0.262900  -0.001407   0.202406     3.132685     0.012570   1.769939   0.112118
     400   0.739200   0.258100  -0.001986   0.202383     3.124987     0.012539   1.767763   0.111979
     401   0.739200   0.258100   0.005005   0.202759     3.136698     0.012565   1.771072   0.112092
     402   0.739200   0.258100  -0.000837   0.203048     3.142549     0.012567   1.772723   0.112101
     403   0.739200   0.258100   0.006001   0.202917     3.153502     0.012542   1.775810   0.111992
     404   0.739200   0.258100   0.003970   0.203294     3.147356     0.012568   1.774079   0.112109
     405   0.744000   0.253300   0.004527   0.202992     3.139710     0.012574   1.771923   0.112135
     406   0.748800   0.248500   0.006105   0.203236     3.132983     0.012567   1.770023   0.112104
     407   0.748800   0.248500   0.011458   0.203249     3.136892     0.012537   1.771127   0.111967
     408   0.753600   0.243700   0.010471   0.203132     3.129599     0.012511   1.769067   0.111854
     409   0.753600   0.243700   0.017574   0.203053     3.142483     0.012483   1.772705   0.111729
     410   0.753600   0.243700   0.021807   0.203526     3.142128     0.012544   1.772605   0.112000
     411   0.753600   0.243700   0.017592   0.203301     3.141747     0.012534   1.772498   0.111956
     412   0.758400   0.238900   0.016766   0.202952     3.134401     0.012554   1.770424   0.112043
     413   0.763200   0.234100   0.015968   0.202774     3.127074     0.012536   1.768353   0.111965
     414   0.768000   0.229300   0.015811   0.202875     3.119531     0.012510   1.766219   0.111849
     415   0.768000   0.229300   0.018103   0.203264     3.114184     0.012542   1.764705   0.111992
     416   0.768000   0.229300   0.022585   0.203184     3.115014     0.012515   1.764940   0.111869
     417   0.768000   0.229300   0.016019   0.202882     3.125435     0.012522   1.767890   0.111904
     418   0.772800   0.224500   0.014052   0.202519     3.119566     0.012547   1.766229   0.112015
     419   0.777600   0.219700   0.015352   0.202597     3.112825     0.012520   1.764320   0.111893
     420   0.782400   0.214900   0.020076   0.202119     3.114744     0.012585   1.764864   0.112185
     421   0.787200   0.210100   0.021410   0.201761     3.108091     0.012609   1.762978   0.112291
     422   0.787200   0.210100   0.014660   0.201745     3.119862     0.012579   1.766313   0.112158
     423   0.792000   0.205300   0.016898   0.201741     3.114596     0.012550   1.764822   0.112025
     424   0.792000   0.205300   0.023038   0.201723     3.123162     0.012520   1.767247   0.111894
     425   0.796800   0.200500   0.021087   0.201895     3.117424     0.012503   1.765623   0.111818
     426   0.796800   0.200500   0.018660   0.202146     3.112603     0.012501   1.764257   0.111806
     427   0.796800   0.200500   0.014422   0.202109     3.112946     0.012472   1.764354   0.111678
     428   0.801600   0.195700   0.016333   0.202253     3.107228     0.012452   1.762733   0.111587
     429   0.801600   0.195700   0.022278   0.201941     3.115078     0.012464   1.764958   0.111643
     430   0.801600   0.195700   0.016783   0.202150     3.120756     0.012454   1.766566   0.111597
     431   0.801600   0.195700   0.010004   0.202130     3.133231     0.012425   1.770094   0.111468
     432   0.801600   0.195700   0.014419   0.202457     3.134359     0.012442   1.770412   0.111546
     433   0.806400   0.190900   0.017462   0.202234     3.131112     0.012435   1.769495   0.111513
     434   0.806400   0.190900   0.023924   0.202195     3.141939     0.012407   1.772552   0.111388
     435   0.806400   0.190900   0.028509   0.202370     3.143818     0.012392   1.773082   0.111319
     436   0.811200   0.186100   0.027140   0.202074     3.137422     0.012402   1.771277   0.111363
     437   0.816000   0.181300   0.025347   0.202028     3.131641     0.012374   1.769644   0.111239
     438   0.820800   0.176500   0.025185   0.202281     3.124502     0.012374   1.767626   0.111238
     439   0.825600   0.171700   0.021509   0.201996     3.123290     0.012381   1.767283   0.111271
     440   0.830400   0.166900   0.022464   0.202142     3.116590     0.012362   1.765387   0.111186
     441   0.835200   0.162100   0.020963   0.201709     3.110512     0.012417   1.763664   0.111430
     442   0.840000   0.157300   0.020806   0.201497     3.103485     0.012408   1.761671   0.111392
     443   0.844800   0.152500   0.024064   0.201183     3.101161     0.012424   1.761011   0.111463
     444   0.844800   0.152500   0.027199   0.201460     3.098518     0.012430   1.760261   0.111490
     445   0.849600   0.147700   0.031123   0.201105     3.098377     0.012458   1.760221   0.111615
     446   0.849600   0.147700   0.025382   0.200989     3.106064     0.012436   1.762403   0.111517
     447   0.849600   0.147700   0.031341   0.201128     3.114920     0.012417   1.764914   0.111431
     448   0.854400   0.142900   0.031895   0.201515     3.108104     0.012456   1.762982   0.111607
     449   0.854400   0.142900   0.026933   0.201321     3.112187     0.012445   1.764139   0.111558
     450   0.854400   0.142900   0.020430   0.201544     3.124216     0.012440   1.767545   0.111534
     451   0.859200   0.138100   0.021055   0.201773     3.117464     0.012436   1.765634   0.111516
     452   0.859200   0.138100   0.015326   0.201871     3.125338     0.012413   1.767863   0.111412
     453   0.864000   0.133300   0.015993   0.202126     3.118640     0.012415   1.765967   0.111421
     454   0.868800   0.128500   0.014790   0.202004     3.112424     0.012394   1.764206   0.111328
     455   0.873600   0.123700   0.011587   0.201766     3.110231     0.012392   1.763585   0.111320
     456   0.873600   0.123700   0.007382   0.201704     3.111437     0.012367   1.763927   0.111206
     457   0.873600   0.123700   0.002432   0.201872     3.115779     0.012353   1.765157   0.111142
     458   0.873600   0.123700  -0.002044   0.202203     3.118112     0.012375   1.765818   0.111245
     459   0.878400   0.118900   0.000552   0.201769     3.114399     0.012435   1.764766   0.111510
     460   0.878400   0.118900  -0.001753   0.201865     3.110064     0.012412   1.763537   0.111408
     461   0.878400   0.118900  -0.007014   0.201757     3.116019     0.012390   1.765225   0.111311
     462   0.878400   0.118900  -0.002809   0.201799     3.117408     0.012364   1.765618   0.111194
     463   0.883200   0.114100  -0.001655   0.201379     3.111289     0.012419   1.763885   0.111439
     464   0.883200   0.114100  -0.003478   0.201561     3.106119     0.012407   1.762419   0.111387
     465   0.883200   0.114100  -0.000524   0.201647     3.103482     0.012384   1.761670   0.111283
     466   0.883200   0.114100   0.002241   0.201933     3.100369     0.012395   1.760787   0.111334
     467   0.883200   0.114100  -0.003883   0.202195     3.111170     0.012401   1.763851   0.111359
     468   0.883200   0.114100  -0.009235   0.202561     3.117874     0.012437   1.765750   0.111519
     469   0.883200   0.114100  -0.005636   0.202910     3.117276     0.012467   1.765581   0.111655
     470   0.883200   0.114100  -0.001497   0.202926     3.118661     0.012440   1.765973   0.111537
     471   0.883200   0.114100   0.002988   0.203262     3.121475     0.012467   1.766770   0.111656
     472   0.883200   0.114100   0.008894   0.203543     3.131254     0.012478   1.769535   0.111704
     473   0.883200   0.114100   0.003844   0.203918     3.136644     0.012518   1.771057   0.111882
     474   0.883200   0.114100   0.008765   0.203603     3.141457     0.012538   1.772416   0.111973
     475   0.888000   0.109300   0.010562   0.203320     3.136370     0.012550   1.770980   0.112025
     476   0.892800   0.104500   0.008714   0.203374     3.131398     0.012525   1.769576   0.111914
     477   0.892800   0.104500   0.004687   0.203273     3.132540     0.012503   1.769898   0.111818
     478   0.892800   0.104500   0.000445   0.203404     3.134550     0.012485   1.770466   0.111738
     479   0.892800   0.104500  -0.003455   0.203534     3.135263     0.012467   1.770667   0.111656
     480   0.897600   0.099700  -0.003698   0.203859     3.128759     0.012492   1.768830   0.111767
     481   0.902400   0.094900  -0.003723   0.203670     3.122255     0.012483   1.766990   0.111727
     482   0.902400   0.094900  -0.000033   0.203454     3.122313     0.012479   1.767007   0.111711
     483   0.902400   0.094900   0.002999   0.203402     3.120271     0.012455   1.766429   0.111601
     484   0.907200   0.090100   0.001342   0.203083     3.115147     0.012478   1.764978   0.111705
     485   0.912000   0.085300   0.003711   0.202945     3.111434     0.012461   1.763926   0.111631
     486   0.916800   0.080500   0.003571   0.203108     3.105041     0.012449   1.762113   0.111574
     487   0.921600   0.075700   0.003928   0.203202     3.098727     0.012427   1.760320   0.111479
     488   0.921600   0.075700  -0.000345   0.203237     3.101253     0.012403   1.761038   0.111367
     489   0.921600   0.075700  -0.006148   0.202924     3.111308     0.012425   1.763890   0.111468
     490   0.926400   0.070900  -0.000513   0.202522     3.120451     0.012479   1.766480   0.111707
     491   0.931200   0.066100  -0.001547   0.202129     3.114619     0.012529   1.764828   0.111932
     492   0.931200   0.066100  -0.004738   0.202384     3.113277     0.012535   1.764448   0.111960
     493   0.931200   0.066100   0.000505   0.202440     3.120457     0.012511   1.766482   0.111853
     494   0.936000   0.061300   0.001596   0.202075     3.114727     0.012551   1.764859   0.112033
     495   0.936000   0.061300  -0.002643   0.201767     3.117296     0.012573   1.765587   0.112129
     496   0.936000   0.061300  -0.006149   0.201928     3.117082     0.012560   1.765526   0.112073
     497   0.936000   0.061300  -0.010109   0.202189     3.118575     0.012569   1.765949   0.112110
     498   0.936000   0.061300  -0.014499   0.202508     3.121871     0.012594   1.766882   0.112222
     499   0.936000   0.061300  -0.018157   0.202256     3.122264     0.012600   1.766993   0.112250
     500   0.940800   0.056500  -0.018715   0.202288     3.116175     0.012575   1.765269   0.112140
